,종목코드,현재가,거래량,거래대금,일자,시가,고가,저가,수정주가구분,수정비율,대업종구분,소업종구분,종목정보,수정주가이벤트,전일종가
0,089890,11300,331242,3626,20220128,10750,11300,10400,,,,,,,
1,,10600,394745,4304,20220127,11350,11400,10550,,,,,,,
2,,11350,373732,4218,20220126,11200,11550,11000,,,,,,,
3,,11250,586387,6840,20220125,12300,12350,11250,,,,,,,
4,,12200,379060,4662,20220124,12600,12750,12050,,,,,,,
5,,12800,684045,8856,20220121,12500,13350,12450,,,,,,,
6,,12750,443917,5532,20220120,12650,12850,12050,,,,,,,
7,,12600,423965,5439,20220119,12700,13200,12550,,,,,,,
8,,12900,425066,5583,20220118,13000,13450,12800,,,,,,,
9,,12950,455923,5971,20220117,13200,13400,12800,,,,,,,
10,,12950,478407,6182,20220114,12850,13150,12600,,,,,,,
11,,13250,557856,7441,20220113,13350,13700,13150,,,,,,,
12,,13500,733429,9841,20220112,13450,13600,13150,,,,,,,
13,,13150,893173,11894,20220111,13750,13850,13000,,,,,,,
14,,13900,1172397,16342,20220110,13800,14250,13500,,,,,,,
15,,13900,1890992,26409,20220107,13750,14300,13600,,,,,,,
16,,13500,2227465,30986,20220106,14300,14500,13300,,,,,,,
17,,14950,1824967,27894,20220105,15700,15900,14800,,,,,,,
18,,16150,5949276,94146,20220104,16600,16750,15000,,,,,,,
19,,15950,6326280,100245,20220103,15700,16200,15200,,,,,,,
20,,15300,8072151,123120,20211230,15650,16050,14650,,,,,,,
21,,14650,6973028,97425,20211229,11500,14650,11450,4,0.00,,,,,
22,,11300,134762,1530,20211228,11550,11550,11250,,,,,,,
23,,11400,136473,1560,20211227,11400,11600,11300,,,,,,,
24,,11400,102058,1157,20211224,11350,11450,11200,,,,,,,
25,,11200,122036,1379,20211223,11350,11450,11150,,,,,,,
26,,11200,157255,1789,20211222,11350,11600,11200,,,,,,,
27,,11200,199452,2197,20211221,11200,11250,10750,,,,,,,
28,,11100,175382,1987,20211220,11450,11600,11100,,,,,,,
29,,11500,148753,1707,20211217,11500,11650,11350,,,,,,,
30,,11650,195987,2281,20211216,11650,11800,11500,,,,,,,
31,,11500,204661,2361,20211215,11450,11850,11350,,,,,,,
32,,11550,221670,2559,20211214,11650,11750,11350,,,,,,,
33,,11700,242132,2864,20211213,11950,12050,11700,,,,,,,
34,,11850,417430,4973,20211210,12200,12300,11650,,,,,,,
35,,12300,250916,3113,20211209,12400,12600,12250,,,,,,,
36,,12250,365766,4528,20211208,12400,12700,12150,,,,,,,
37,,12200,328702,4051,20211207,12300,12600,12150,,,,,,,
38,,12200,243657,2948,20211206,12050,12300,11800,,,,,,,
39,,12300,334654,4093,20211203,12200,12450,12000,,,,,,,
40,,11800,295855,3481,20211202,11650,12000,11550,,,,,,,
41,,11900,337276,3847,20211201,11450,11900,10750,,,,,,,
42,,11300,695180,8353,20211130,12000,12500,11050,,,,,,,
43,,11850,542865,6480,20211129,11550,12350,11550,,,,,,,
44,,12350,669235,8473,20211126,13050,13350,12150,,,,,,,
45,,13050,555422,7362,20211125,13250,13600,13050,,,,,,,
46,,13050,773571,10076,20211124,13450,13750,12650,,,,,,,
47,,13500,621491,8504,20211123,13500,14200,13300,,,,,,,
48,,13900,1198559,17048,20211122,15250,15300,13700,,,,,,,
49,,15100,1235310,18238,20211119,14700,15250,14100,,,,,,,
50,,14650,4255003,65726,20211118,15050,16350,14600,,,,,,,
51,,14750,4003332,58650,20211117,14450,15150,14050,,,,,,,
52,,14000,1500082,20645,20211116,13450,14100,13300,,,,,,,
53,,13300,929869,12528,20211115,13600,13850,13100,,,,,,,
54,,13500,2257113,31509,20211112,14300,14800,13300,,,,,,,
55,,14050,2803384,38670,20211111,13100,14200,13000,,,,,,,
56,,13300,1553200,20644,20211110,13050,13650,12750,,,,,,,
57,,12900,1099094,14380,20211109,13250,13400,12850,,,,,,,
58,,13150,554045,7165,20211108,12750,13200,12550,,,,,,,
59,,12800,779164,10091,20211105,13350,13350,12550,,,,,,,
60,,13150,1601767,20810,20211104,12550,13800,12350,,,,,,,
61,,12450,386129,4914,20211103,12800,13050,12450,,,,,,,
62,,12800,359284,4534,20211102,12700,12850,12450,,,,,,,
63,,12700,653059,8261,20211101,12350,12900,12350,,,,,,,
64,,12350,756733,9576,20211029,12550,13100,12200,,,,,,,
65,,12450,1385598,18053,20211028,13150,13750,12300,,,,,,,
66,,13100,1633827,22043,20211027,13250,13900,13050,,,,,,,
67,,13400,936503,12394,20211026,13100,13450,12800,,,,,,,
68,,13050,1333197,17429,20211025,13000,13450,12750,,,,,,,
69,,13100,2481246,31151,20211022,11750,13100,11750,,,,,,,
70,,11700,364713,4327,20211021,11800,12200,11600,,,,,,,
71,,11700,1010514,12103,20211020,11600,12250,11500,,,,,,,
72,,11500,367600,4256,20211019,11850,11900,11400,,,,,,,
73,,11650,872485,10122,20211018,11350,11900,11150,,,,,,,
74,,11200,1331284,15003,20211015,10800,11800,10500,,,,,,,
75,,10700,401906,4271,20211014,10500,10800,10300,,,,,,,
76,,10300,297485,3065,20211013,10050,10550,10000,,,,,,,
77,,9960,171564,1703,20211012,10100,10100,9800,,,,,,,
78,,10150,210381,2132,20211008,10500,10500,10000,,,,,,,
79,,10450,428671,4321,20211007,9650,10500,9650,,,,,,,
80,,9610,572393,5680,20211006,10450,10550,9600,,,,,,,
81,,10350,398961,4213,20211005,11000,11100,10300,,,,,,,
82,,11200,861768,9765,20211001,10950,11750,10900,,,,,,,
83,,11100,440283,4884,20210930,10950,11400,10900,,,,,,,
84,,11100,361833,3943,20210929,10900,11100,10700,,,,,,,
85,,11150,380909,4298,20210928,11500,11600,11150,,,,,,,
86,,11500,400788,4629,20210927,11500,11700,11450,,,,,,,
87,,11700,647640,7678,20210924,12300,12350,11600,,,,,,,
88,,12200,297318,3642,20210923,12300,12450,12100,,,,,,,
89,,12550,266336,3364,20210917,12850,13000,12500,,,,,,,
90,,12800,361728,4711,20210916,13300,13350,12800,,,,,,,
91,,13200,1747050,22855,20210915,12350,13450,12200,,,,,,,
92,,12450,885553,11183,20210914,12150,13050,12150,,,,,,,
93,,12050,411757,5008,20210913,12500,12650,11900,,,,,,,
94,,12500,398454,4973,20210910,12600,12850,12200,,,,,,,
95,,12600,374373,4758,20210909,12950,13100,12500,,,,,,,
96,,13050,450679,5843,20210908,13000,13250,12750,,,,,,,
97,,13050,503206,6497,20210907,12750,13150,12500,,,,,,,
98,,12750,354591,4533,20210906,13050,13050,12700,,,,,,,
99,,12950,446142,5793,20210903,13050,13200,12850,,,,,,,
100,,13100,489214,6473,20210902,13500,13500,13050,,,,,,,
101,,13400,545923,7190,20210901,13200,13400,12950,,,,,,,
102,,13200,691484,9059,20210831,13200,13450,12650,,,,,,,
103,,13100,989485,13285,20210830,13950,14100,13100,,,,,,,
104,,13950,2127258,29736,20210827,13650,14350,13450,,,,,,,
105,,13850,3120154,42805,20210826,13150,14100,13050,,,,,,,
106,,12950,917502,12078,20210825,13650,13650,12900,,,,,,,
107,,13450,1611578,21546,20210824,13100,13650,13050,,,,,,,
108,,13050,765911,9881,20210823,12800,13200,12600,,,,,,,
109,,12500,4156281,55831,20210820,13200,14100,12350,,,,,,,
110,,12850,1191980,15762,20210819,13200,13650,12850,,,,,,,
111,,13400,1208028,16067,20210818,13100,13550,13000,,,,,,,
112,,13150,2126202,28955,20210817,14450,14700,13100,,,,,,,
113,,14200,1493940,21260,20210813,14100,14650,13900,,,,,,,
114,,14100,1877890,27200,20210812,14500,14950,14050,,,,,,,
115,,14650,1747323,25516,20210811,14350,14900,14250,,,,,,,
116,,14550,2810139,41823,20210810,15700,15800,14500,,,,,,,
117,,16100,4815140,77463,20210809,16050,16600,15550,,,,,,,
118,,16050,12246498,198468,20210806,15850,17350,15250,,,,,,,
119,,15850,26258611,405626,20210805,14150,16700,14000,,,,,,,
120,,13150,17201577,216600,20210804,11900,13150,11400,,,,,,,
121,,10150,872791,9096,20210803,10550,10550,10000,,,,,,,
122,,10500,258771,2727,20210802,10450,10700,10450,,,,,,,
123,,10450,549580,5822,20210730,10850,10900,10400,,,,,,,
124,,10700,2341567,25391,20210729,11250,11450,10600,,,,,,,
125,,11350,865785,10038,20210728,11350,11850,11300,,,,,,,
126,,11400,906361,10489,20210727,12200,12200,11250,,,,,,,
127,,12100,2894701,34750,20210726,11300,12500,11250,,,,,,,
128,,11200,273811,3074,20210723,11150,11400,11100,,,,,,,
129,,11200,671519,7654,20210722,11450,11650,11150,,,,,,,
130,,11150,738302,8420,20210721,11500,11800,11150,,,,,,,
131,,11300,2977183,35086,20210720,11150,12200,11100,,,,,,,
132,,11300,707337,7966,20210719,11200,11500,11000,,,,,,,
133,,11350,573379,6549,20210716,11550,11700,11250,,,,,,,
134,,11600,593931,6970,20210715,11750,11950,11550,,,,,,,
135,,11800,1538975,18820,20210714,12450,12850,11750,,,,,,,
136,,12700,1414948,17771,20210713,12450,12800,12350,,,,,,,
137,,12400,5529585,69581,20210712,11950,13100,11800,,,,,,,
138,,11800,823068,9513,20210709,11800,11900,11200,,,,,,,
139,,11950,1141334,13633,20210708,12100,12150,11650,,,,,,,
140,,11900,1262073,15095,20210707,11750,12250,11600,,,,,,,
141,,11950,2299816,27397,20210706,11500,12250,11450,,,,,,,
142,,11500,1305888,15208,20210705,11450,11900,11300,,,,,,,
143,,11300,923116,10567,20210702,11600,11750,11200,,,,,,,
144,,11800,1174129,13703,20210701,11600,11950,11300,,,,,,,
145,,11550,2366063,28424,20210630,12200,12500,11400,,,,,,,
146,,12150,3464214,40242,20210629,11450,12150,11200,,,,,,,
147,,11750,4926301,55342,20210628,10700,11750,10550,,,,,,,
148,,10800,1806846,19510,20210625,10900,11100,10500,,,,,,,
149,,11000,2992995,32019,20210624,10850,11000,10200,,,,,,,
150,,10850,10866198,121103,20210623,11700,11750,10550,,,,,,,
151,,11000,11804819,119992,20210622,8550,11000,8420,,,,,,,
152,,8480,253779,2154,20210621,8610,8660,8390,,,,,,,
153,,8700,229755,2021,20210618,8710,8930,8700,,,,,,,
154,,8700,134421,1173,20210617,8750,8820,8680,,,,,,,
155,,8760,111261,974,20210616,8800,8810,8700,,,,,,,
156,,8770,134314,1175,20210615,8810,8870,8700,,,,,,,
157,,8810,163518,1436,20210614,8690,8880,8670,,,,,,,
158,,8690,133145,1158,20210611,8670,8780,8650,,,,,,,
159,,8670,141961,1232,20210610,8700,8750,8650,,,,,,,
160,,8670,232741,2030,20210609,8770,8860,8660,,,,,,,
161,,8720,186914,1630,20210608,8800,8860,8660,,,,,,,
162,,8800,235072,2089,20210607,8910,9060,8770,,,,,,,
163,,8840,214729,1898,20210604,8880,8910,8780,,,,,,,
164,,8930,279752,2500,20210603,8850,9030,8840,,,,,,,
165,,8830,466558,4172,20210602,9080,9180,8780,,,,,,,
166,,8990,515066,4682,20210601,9160,9300,8960,,,,,,,
167,,9130,862154,7887,20210531,9150,9300,9010,,,,,,,
168,,9190,2897761,26312,20210528,8600,9400,8580,,,,,,,
169,,8560,741061,6368,20210527,8700,8820,8420,,,,,,,
170,,8630,6692089,60775,20210526,8400,9600,8310,,,,,,,
171,,8310,365152,3060,20210525,8230,8500,8230,,,,,,,
172,,8140,255205,2092,20210524,8090,8360,8030,,,,,,,
173,,8050,304827,2496,20210521,8230,8420,8050,,,,,,,
174,,8230,171188,1412,20210520,8400,8400,8180,,,,,,,
175,,8420,778673,6604,20210518,7970,8750,7910,,,,,,,
176,,8010,95566,762,20210517,8060,8060,7900,,,,,,,
177,,7940,99589,789,20210514,7850,7990,7690,,,,,,,
178,,7830,180886,1421,20210513,7860,7980,7710,,,,,,,
179,,8000,184918,1485,20210512,8170,8180,7940,,,,,,,
180,,8100,455538,3678,20210511,8350,8420,7900,,,,,,,
181,,8450,100666,851,20210510,8440,8590,8390,,,,,,,
182,,8440,107960,918,20210507,8470,8660,8420,,,,,,,
183,,8440,98569,825,20210506,8330,8450,8230,,,,,,,
184,,8360,144710,1195,20210504,8430,8460,8080,,,,,,,
185,,8410,164076,1381,20210503,8500,8560,8310,,,,,,,
186,,8520,314634,2723,20210430,8800,8950,8440,,,,,,,
187,,8840,425666,3707,20210429,8670,8950,8360,,,,,,,
188,,8660,594498,5253,20210428,9210,9250,8620,,,,,,,
189,,9210,298289,2774,20210427,9270,9460,9170,,,,,,,
190,,9260,253296,2361,20210426,9340,9420,9240,,,,,,,
191,,9290,279328,2603,20210423,9290,9440,9230,,,,,,,
192,,9340,1142628,10804,20210422,9270,9640,9230,,,,,,,
193,,9180,354007,3234,20210421,9170,9280,9050,,,,,,,
194,,9160,292704,2676,20210420,9180,9200,9100,,,,,,,
195,,9200,208829,1928,20210419,9260,9280,9170,,,,,,,
196,,9250,269410,2478,20210416,9240,9300,9130,,,,,,,
197,,9210,309363,2849,20210415,9230,9300,9130,,,,,,,
198,,9230,323181,2996,20210414,9400,9400,9200,,,,,,,
199,,9360,572814,5280,20210413,9330,9360,9050,,,,,,,
200,,9230,777195,7206,20210412,9220,9420,9090,,,,,,,
201,,9200,825754,7560,20210409,9050,9310,8990,,,,,,,
202,,9050,4419960,42670,20210408,9210,11000,8890,,,,,,,
203,,9260,2362280,21556,20210407,8850,9360,8680,,,,,,,
204,,8740,360454,3114,20210406,8710,8750,8510,,,,,,,
205,,8600,630837,5452,20210405,8490,8850,8420,,,,,,,
206,,8410,325030,2752,20210402,8620,8680,8350,,,,,,,
207,,8560,463466,3901,20210401,8230,8580,8210,,,,,,,
208,,8190,393925,3248,20210331,8420,8440,8170,,,,,,,
209,,8450,351295,2967,20210330,8470,8600,8340,,,,,,,
210,,8480,633857,5427,20210329,8740,8740,8450,,,,,,,
211,,8560,1379722,11698,20210326,8400,8750,8230,,,,,,,
212,,8330,1215529,9979,20210325,7860,8350,7830,,,,,,,
213,,7960,587781,4696,20210324,8020,8100,7840,,,,,,,
214,,8030,689951,5543,20210323,8140,8190,7930,,,,,,,
215,,8130,7607750,65235,20210322,7540,9200,7530,,,,,,,
216,,7490,177887,1338,20210319,7470,7650,7410,,,,,,,
217,,7590,262390,2012,20210318,7750,7800,7590,,,,,,,
218,,7740,300989,2358,20210317,7870,8000,7710,,,,,,,
219,,7880,223436,1754,20210316,7810,7950,7790,,,,,,,
220,,7790,245871,1911,20210315,7710,7920,7630,,,,,,,
221,,7680,308118,2366,20210312,7700,7800,7600,,,,,,,
222,,7650,489432,3738,20210311,7900,8010,7380,,,,,,,
223,,7760,771175,6200,20210310,8420,8470,7760,,,,,,,
224,,8330,1740341,14290,20210309,8320,8640,7860,,,,,,,
225,,8260,8664991,75836,20210308,7310,9490,7230,,,,,,,
226,,7300,152962,1078,20210305,7050,7300,6940,,,,,,,
227,,7130,71104,508,20210304,7250,7280,7070,,,,,,,
228,,7280,37972,275,20210303,7200,7320,7130,,,,,,,
229,,7200,71679,521,20210302,7250,7380,7140,,,,,,,
230,,7120,131636,944,20210226,7170,7330,7070,,,,,,,
231,,7510,48086,357,20210225,7350,7510,7330,,,,,,,
232,,7320,200035,1504,20210224,7800,7810,7250,,,,,,,
233,,7760,85441,662,20210223,7740,7830,7690,,,,,,,
234,,7840,49909,391,20210222,7960,7960,7780,,,,,,,
235,,7880,66549,521,20210219,7930,7950,7740,,,,,,,
236,,7930,128235,1023,20210218,8050,8060,7920,,,,,,,
237,,8060,158247,1271,20210217,8110,8120,7990,,,,,,,
238,,8070,143060,1148,20210216,7960,8120,7950,,,,,,,
239,,7930,181628,1434,20210215,7950,8010,7790,,,,,,,
240,,7900,115918,899,20210210,7790,7900,7690,,,,,,,
241,,7850,79211,628,20210209,7990,8040,7850,,,,,,,
242,,7990,99602,792,20210208,8150,8150,7890,,,,,,,
243,,8110,192541,1557,20210205,8170,8170,8020,,,,,,,
244,,8070,95806,766,20210204,7990,8100,7910,,,,,,,
245,,7900,109498,867,20210203,7980,8000,7860,,,,,,,
246,,7900,147754,1166,20210202,7800,7980,7780,,,,,,,
247,,7710,182530,1391,20210201,7700,7740,7470,,,,,,,
248,,7740,290629,2288,20210129,8130,8250,7630,,,,,,,
249,,8120,250632,2057,20210128,8320,8450,8080,,,,,,,
250,,8500,195474,1685,20210127,8690,8770,8470,,,,,,,
251,,8740,170534,1484,20210126,8850,8850,8620,,,,,,,
252,,8790,135538,1191,20210125,8880,8890,8740,,,,,,,
253,,8880,275840,2458,20210122,9060,9060,8770,,,,,,,
254,,8770,141295,1239,20210121,8740,8900,8670,,,,,,,
255,,8690,258437,2247,20210120,8900,8910,8600,,,,,,,
256,,8810,153830,1350,20210119,8710,8870,8680,,,,,,,
257,,8800,205968,1826,20210118,8910,9070,8710,,,,,,,
258,,8900,124236,1110,20210115,8980,9080,8860,,,,,,,
259,,8950,153834,1360,20210114,8940,8960,8750,,,,,,,
260,,8920,159402,1422,20210113,9050,9070,8800,,,,,,,
261,,9010,279018,2503,20210112,9090,9130,8780,,,,,,,
262,,9090,615490,5758,20210111,9530,9680,8950,,,,,,,
263,,9370,287581,2688,20210108,9500,9550,9200,,,,,,,
264,,9390,535311,5018,20210107,9150,9550,9140,,,,,,,
265,,9120,324090,2973,20210106,9300,9320,9020,,,,,,,
266,,9070,366923,3324,20210105,9230,9270,8900,,,,,,,
267,,9230,525463,4761,20210104,8840,9240,8740,,,,,,,
268,,8800,347253,3047,20201230,8630,8900,8530,,,,,,,
269,,8580,262830,2234,20201229,8450,8620,8350,4,0.00,,,,,
270,,8420,288978,2410,20201228,8140,8450,8120,,,,,,,
271,,8140,117597,954,20201224,8230,8230,8050,,,,,,,
272,,8150,181890,1470,20201223,8100,8200,7900,,,,,,,
273,,8100,247651,2024,20201222,8340,8340,8060,,,,,,,
274,,8390,205311,1697,20201221,8400,8400,8130,,,,,,,
275,,8400,250950,2107,20201218,8550,8580,8300,,,,,,,
276,,8450,498828,4217,20201217,8370,8600,8250,,,,,,,
277,,8300,658926,5462,20201216,8140,8440,8110,,,,,,,
278,,8050,583672,4692,20201215,7920,8180,7900,,,,,,,
279,,7710,256717,1989,20201214,7910,7950,7630,,,,,,,
280,,7980,155709,1243,20201211,8010,8080,7880,,,,,,,
281,,8010,303466,2427,20201210,7820,8110,7820,,,,,,,
282,,7820,203551,1573,20201209,7810,7840,7640,,,,,,,
283,,7760,204100,1602,20201208,8110,8110,7690,,,,,,,
284,,8020,208145,1664,20201207,8200,8210,7900,,,,,,,
285,,8200,366227,2938,20201204,8160,8240,7860,,,,,,,
286,,8160,506385,4160,20201203,8270,8340,8100,,,,,,,
287,,8030,754092,5922,20201202,7610,8030,7550,,,,,,,
288,,7550,120318,903,20201201,7550,7600,7420,,,,,,,
289,,7550,117012,884,20201130,7690,7700,7460,,,,,,,
290,,7640,153267,1157,20201127,7430,7650,7340,,,,,,,
291,,7430,131455,973,20201126,7560,7560,7350,,,,,,,
292,,7510,148467,1124,20201125,7640,7740,7400,,,,,,,
293,,7640,124049,940,20201124,7700,7700,7490,,,,,,,
294,,7680,137631,1056,20201123,7700,7740,7550,,,,,,,
295,,7730,151190,1149,20201120,7560,7730,7450,,,,,,,
296,,7560,104954,789,20201119,7630,7630,7450,,,,,,,
297,,7670,205503,1575,20201118,7570,7750,7510,,,,,,,
298,,7510,127191,962,20201117,7660,7690,7510,,,,,,,
299,,7660,441780,3346,20201116,7390,7740,7370,,,,,,,
300,,7370,534153,3989,20201113,7300,7740,7220,,,,,,,
301,,7300,130308,946,20201112,7200,7330,7160,,,,,,,
302,,7200,189416,1366,20201111,7370,7370,7140,,,,,,,
303,,7370,231334,1694,20201110,7430,7430,7190,,,,,,,
304,,7390,514929,3824,20201109,7280,7750,7220,,,,,,,
305,,7200,178023,1279,20201106,7420,7490,7070,,,,,,,
306,,7340,237651,1701,20201105,6900,7340,6900,,,,,,,
307,,6900,50194,347,20201104,6920,7000,6800,,,,,,,
308,,6870,42550,292,20201103,6770,6960,6770,,,,,,,
309,,6800,18265,124,20201102,6780,6840,6700,,,,,,,
310,,6780,31396,213,20201030,6780,6830,6730,,,,,,,
311,,6840,47806,322,20201029,6700,6890,6630,,,,,,,
312,,6830,32733,223,20201028,6750,6880,6750,,,,,,,
313,,6850,70737,476,20201027,6660,6970,6550,,,,,,,
314,,6780,48273,326,20201026,6890,6890,6700,,,,,,,
315,,6930,44814,307,20201023,6970,6970,6800,,,,,,,
316,,6990,35553,246,20201022,7050,7100,6860,,,,,,,
317,,7050,95377,676,20201021,7060,7180,7010,,,,,,,
318,,7060,92094,630,20201020,6710,7080,6610,,,,,,,
319,,6820,32671,220,20201019,6680,6840,6650,,,,,,,
320,,6740,45224,301,20201016,6700,6760,6570,,,,,,,
321,,6700,58817,393,20201015,6840,6940,6610,,,,,,,
322,,6900,72709,499,20201014,7020,7020,6800,,,,,,,
323,,7020,79027,550,20201013,7100,7120,6870,,,,,,,
324,,7090,66469,468,20201012,7040,7110,6940,,,,,,,
325,,7040,92374,644,20201008,6880,7060,6860,,,,,,,
326,,6880,50998,348,20201007,6830,6910,6740,,,,,,,
327,,6860,65586,449,20201006,6870,6960,6760,,,,,,,
328,,6870,102035,696,20201005,6980,6980,6740,,,,,,,
329,,6930,54524,371,20200929,6850,6980,6700,,,,,,,
330,,6800,162384,1086,20200928,6400,7030,6300,,,,,,,
331,,6380,202521,1303,20200925,6700,6810,6310,,,,,,,
332,,6630,102082,680,20200924,6800,6850,6580,,,,,,,
333,,6930,45625,313,20200923,7000,7090,6650,,,,,,,
334,,6890,122330,840,20200922,7060,7060,6790,,,,,,,
335,,7060,151046,1072,20200921,7150,7210,6900,,,,,,,
336,,7180,123265,873,20200918,7140,7180,7020,,,,,,,
337,,7120,268089,1916,20200917,7350,7350,7070,,,,,,,
338,,7300,209269,1557,20200916,7590,7620,7300,,,,,,,
339,,7580,262639,1999,20200915,7880,7890,7500,,,,,,,
340,,7810,454199,3490,20200914,7490,7890,7350,,,,,,,
341,,7360,181387,1336,20200911,7510,7510,7280,,,,,,,
342,,7520,454492,3402,20200910,7180,7770,7160,,,,,,,
343,,7160,91008,652,20200909,7200,7250,7130,,,,,,,
344,,7370,120392,898,20200908,7490,7620,7340,,,,,,,
345,,7390,169372,1258,20200907,7540,7610,7370,,,,,,,
346,,7520,226470,1704,20200904,7500,7690,7400,,,,,,,
347,,7880,278657,2197,20200903,7980,8040,7790,,,,,,,
348,,7950,780090,6106,20200902,7440,8070,7330,,,,,,,
349,,7410,190979,1397,20200901,7120,7450,7090,,,,,,,
350,,7100,114355,827,20200831,7360,7410,7020,,,,,,,
351,,7350,182871,1362,20200828,7420,7640,7320,,,,,,,
352,,7390,264332,1990,20200827,7670,7780,7310,,,,,,,
353,,7460,131394,972,20200826,7480,7570,7250,,,,,,,
354,,7310,270964,1997,20200825,7010,7550,7010,,,,,,,
355,,7050,167823,1177,20200824,6890,7210,6770,,,,,,,
356,,6840,251286,1720,20200821,6640,7150,6550,,,,,,,
357,,6630,292997,1955,20200820,6870,6910,6500,,,,,,,
358,,6870,1676761,12030,20200819,6610,8500,6450,,,,,,,
359,,6710,600141,4172,20200818,7410,7520,6410,,,,,,,
360,,7500,394563,2987,20200814,8000,8000,7400,,,,,,,
361,,8000,228959,1864,20200813,8470,8470,7850,,,,,,,
362,,8390,1038263,8893,20200812,8490,9330,8120,,,,,,,
363,,8610,648071,5519,20200811,8240,8730,8060,,,,,,,
364,,8300,799374,6400,20200810,7750,8390,7450,,,,,,,
365,,7740,644831,5029,20200807,7390,8080,7310,,,,,,,
366,,7300,102506,754,20200806,7480,7510,7280,,,,,,,
367,,7480,237403,1782,20200805,7530,7660,7410,,,,,,,
368,,7400,196268,1459,20200804,7610,7620,7350,,,,,,,
369,,7650,416106,3147,20200803,7440,7770,7370,,,,,,,
370,,7300,508575,3755,20200731,7250,7500,7200,,,,,,,
371,,7100,308137,2181,20200730,6800,7220,6760,,,,,,,
372,,6800,144347,981,20200729,6850,6910,6700,,,,,,,
373,,6840,163390,1119,20200728,6960,6970,6730,,,,,,,
374,,6790,136050,896,20200727,6460,6790,6440,,,,,,,
375,,6570,135604,900,20200724,6790,6790,6480,,,,,,,
376,,6740,358726,2402,20200723,7060,7060,6550,,,,,,,
377,,6950,458452,3187,20200722,7100,7200,6800,,,,,,,
378,,6810,840466,5748,20200721,6600,7120,6510,,,,,,,
379,,6550,459499,2932,20200720,6040,6610,6040,,,,,,,
380,,6040,127975,755,20200717,5770,6080,5690,,,,,,,
381,,5730,46802,267,20200716,5710,5820,5630,,,,,,,
382,,5660,43494,244,20200715,5650,5770,5500,,,,,,,
383,,5640,35438,197,20200714,5600,5700,5500,,,,,,,
384,,5660,28635,162,20200713,5630,5700,5620,,,,,,,
385,,5710,35241,199,20200710,5790,5790,5590,,,,,,,
386,,5740,30219,173,20200709,5700,5800,5690,,,,,,,
387,,5710,20967,119,20200708,5660,5740,5600,,,,,,,
388,,5660,41072,237,20200707,5820,5950,5660,,,,,,,
389,,5820,38819,226,20200706,5690,5890,5690,,,,,,,
390,,5740,42595,243,20200703,5750,5780,5620,,,,,,,
391,,5660,24962,141,20200702,5640,5750,5570,,,,,,,
392,,5640,61905,353,20200701,5670,5790,5610,,,,,,,
393,,5600,42455,236,20200630,5560,5680,5500,,,,,,,
394,,5520,46665,259,20200629,5700,5700,5480,,,,,,,
395,,5710,52843,299,20200626,5760,5760,5580,,,,,,,
396,,5700,91110,516,20200625,5750,5850,5580,,,,,,,
397,,5920,43943,258,20200624,5720,5930,5710,,,,,,,
398,,5720,60280,339,20200623,5600,5730,5540,,,,,,,
399,,5580,50210,276,20200622,5570,5600,5440,,,,,,,
400,,5570,27936,154,20200619,5500,5640,5430,,,,,,,
401,,5490,41141,227,20200618,5560,5600,5460,,,,,,,
402,,5560,56756,313,20200617,5560,5650,5430,,,,,,,
403,,5560,87390,484,20200616,5600,5690,5440,,,,,,,
404,,5360,109411,614,20200615,6010,6010,5320,,,,,,,
405,,5840,92406,539,20200612,5800,5910,5780,,,,,,,
406,,6090,66534,406,20200611,6210,6290,6040,,,,,,,
407,,6190,77269,475,20200610,6240,6280,6000,,,,,,,
408,,6240,76381,476,20200609,6380,6400,6150,,,,,,,
409,,6330,53767,341,20200608,6350,6400,6320,,,,,,,
410,,6320,53532,336,20200605,6320,6390,6200,,,,,,,
411,,6320,87382,556,20200604,6500,6500,6270,,,,,,,
412,,6350,60919,386,20200603,6440,6490,6280,,,,,,,
413,,6430,68653,440,20200602,6490,6490,6360,,,,,,,
414,,6400,79075,500,20200601,6230,6420,6200,,,,,,,
415,,6190,85606,526,20200529,6350,6350,6050,,,,,,,
416,,6290,107579,681,20200528,6430,6590,6180,,,,,,,
417,,6430,157119,1014,20200527,6660,6670,6340,,,,,,,
418,,6600,52699,347,20200526,6650,6660,6530,,,,,,,
419,,6620,158627,1039,20200525,6470,6720,6420,,,,,,,
420,,6480,109887,713,20200522,6670,6680,6320,,,,,,,
421,,6630,132887,889,20200521,6630,6820,6570,,,,,,,
422,,6630,151671,995,20200520,6450,6640,6380,,,,,,,
423,,6400,110756,701,20200519,6370,6440,6180,,,,,,,
424,,6250,237596,1447,20200518,6300,6340,5740,,,,,,,
425,,6370,556469,3625,20200515,6140,6850,6140,,,,,,,
426,,6110,81790,507,20200514,6350,6370,6110,,,,,,,
427,,6300,124777,778,20200513,6380,6380,6190,,,,,,,
428,,6430,120444,771,20200512,6540,6600,6330,,,,,,,
429,,6630,160155,1066,20200511,6700,6760,6480,,,,,,,
430,,6690,131280,864,20200508,6550,6700,6480,,,,,,,
431,,6510,135449,871,20200507,6370,6530,6220,,,,,,,
432,,6250,175349,1098,20200506,6210,6430,6140,,,,,,,
433,,6130,162726,997,20200504,6130,6240,6020,,,,,,,
434,,6190,371906,2264,20200429,5970,6250,5800,,,,,,,
435,,5930,183394,1067,20200428,5920,5950,5660,,,,,,,
436,,5870,233589,1344,20200427,5700,5900,5610,,,,,,,
437,,5700,210519,1193,20200424,5820,5880,5530,,,,,,,
438,,5900,110148,648,20200423,5860,5960,5810,,,,,,,
439,,5810,81065,461,20200422,5760,5830,5550,,,,,,,
440,,5800,239536,1391,20200421,6020,6020,5560,,,,,,,
441,,6020,137338,834,20200420,6080,6190,6020,,,,,,,
442,,6060,124016,750,20200417,6070,6130,5950,,,,,,,
443,,5940,144471,842,20200416,5800,5950,5700,,,,,,,
444,,5830,113530,653,20200414,5750,5830,5670,,,,,,,
445,,5670,188457,1086,20200413,5900,5910,5660,,,,,,,
446,,5890,252148,1466,20200410,5850,5950,5630,,,,,,,
447,,5850,220135,1281,20200409,5870,5910,5740,,,,,,,
448,,5660,367832,2048,20200408,5400,5720,5370,,,,,,,
449,,5410,291692,1582,20200407,5490,5540,5330,,,,,,,
450,,5340,927868,5029,20200406,5110,5870,5000,,,,,,,
451,,5100,1029985,5537,20200403,4960,6060,4840,,,,,,,
452,,4875,95948,466,20200402,4725,4955,4725,,,,,,,
453,,4860,189263,923,20200401,4730,4975,4695,,,,,,,
454,,4730,87326,415,20200331,4740,4850,4700,,,,,,,
455,,4630,84646,385,20200330,4620,4665,4470,,,,,,,
456,,4710,500398,2503,20200327,4740,5440,4530,,,,,,,
457,,4635,216252,989,20200326,4400,4720,4115,,,,,,,
458,,4250,188010,778,20200325,4040,4270,3905,,,,,,,
459,,3805,261543,985,20200324,3845,3845,3610,,,,,,,
460,,3655,161324,589,20200323,3625,3750,3500,,,,,,,
461,,3925,280845,1043,20200320,3530,3925,3470,,,,,,,
462,,3505,320242,1200,20200319,4440,4505,3260,,,,,,,
463,,4300,230253,1019,20200318,4285,4610,4200,,,,,,,
464,,4280,195813,842,20200317,4130,4620,4065,,,,,,,
465,,4530,392089,1845,20200316,4700,4950,4300,,,,,,,
466,,4715,575203,2565,20200313,4995,4995,4050,,,,,,,
467,,5300,217296,1174,20200312,5470,5780,5130,,,,,,,
468,,5630,133822,761,20200311,6000,6000,5460,,,,,,,
469,,5950,146386,826,20200310,5510,6000,5430,,,,,,,
470,,5720,193338,1110,20200309,6070,6070,5560,,,,,,,
471,,6260,126109,790,20200306,6400,6460,6130,,,,,,,
472,,6550,108227,698,20200305,6460,6560,6320,,,,,,,
473,,6440,77776,490,20200304,6150,6440,5900,,,,,,,
474,,6190,170264,1086,20200303,6410,6560,6160,,,,,,,
475,,6190,198396,1220,20200302,6100,6310,6010,,,,,,,
476,,6130,245850,1518,20200228,6590,6600,5930,,,,,,,
477,,6750,115227,768,20200227,6810,6940,6580,,,,,,,
478,,6810,109562,750,20200226,7080,7080,6740,,,,,,,
479,,7150,88421,622,20200225,7060,7150,6840,,,,,,,
480,,7050,135611,952,20200224,7050,7160,6900,,,,,,,
481,,7360,93288,690,20200221,7580,7610,7300,,,,,,,
482,,7580,128599,982,20200220,7950,7950,7470,,,,,,,
483,,7800,190562,1474,20200219,7930,8040,7600,,,,,,,
484,,7930,382354,3060,20200218,8360,8360,7810,,,,,,,
485,,8370,270018,2267,20200217,8300,8530,8200,,,,,,,
486,,8380,411502,3462,20200214,8190,8660,8150,,,,,,,
487,,8190,117416,967,20200213,8330,8360,8160,,,,,,,
488,,8330,182057,1520,20200212,8560,8580,8250,,,,,,,
489,,8510,175338,1492,20200211,8600,8660,8410,,,,,,,
490,,8550,163136,1390,20200210,8380,8660,8330,,,,,,,
491,,8470,307348,2600,20200207,8250,8650,8250,,,,,,,
492,,8250,153344,1256,20200206,8330,8330,8070,,,,,,,
493,,8190,230332,1910,20200205,8460,8470,8180,,,,,,,
494,,8470,201117,1681,20200204,8210,8480,8160,,,,,,,
495,,8120,337195,2731,20200203,8010,8310,7900,,,,,,,
496,,8380,308423,2623,20200131,8760,8850,8370,,,,,,,
497,,8700,314747,2801,20200130,9170,9220,8590,,,,,,,
498,,9220,143734,1322,20200129,9180,9390,9060,,,,,,,
499,,9100,208344,1889,20200128,8950,9300,8910,,,,,,,
500,,9570,242161,2333,20200123,9910,9980,9470,,,,,,,
501,,9970,212949,2063,20200122,9680,9970,9400,,,,,,,
502,,9700,198735,1912,20200121,9670,9790,9430,,,,,,,
503,,9640,349731,3499,20200120,10300,10500,9640,,,,,,,
504,,10150,629145,6364,20200117,10000,10600,9750,,,,,,,
505,,9850,555921,5305,20200116,9070,9890,8980,,,,,,,
506,,9060,99825,903,20200115,9050,9150,8940,,,,,,,
507,,9010,270098,2451,20200114,9050,9290,8870,,,,,,,
508,,8940,162600,1455,20200113,9110,9130,8860,,,,,,,
509,,9110,123258,1116,20200110,9190,9240,8980,,,,,,,
510,,9180,367860,3299,20200109,9000,9180,8780,,,,,,,
511,,8890,310550,2714,20200108,8990,9070,8410,,,,,,,
512,,8990,235421,2154,20200107,9300,9500,8910,,,,,,,
513,,9220,373431,3353,20200106,8990,9240,8800,,,,,,,
514,,8990,374948,3404,20200103,8990,9220,8850,,,,,,,
515,,8960,576460,5195,20200102,8750,9250,8660,,,,,,,
516,,8730,608166,5180,20191230,8070,8800,7990,,,,,,,
517,,8070,285133,2263,20191227,7720,8080,7580,4,0.00,,,,,
518,,7600,133114,987,20191226,7320,7640,7180,,,,,,,
519,,7330,306587,2287,20191224,7550,8300,7150,,,,,,,
520,,7530,78955,605,20191223,7900,7920,7500,,,,,,,
521,,7930,92089,732,20191220,7960,8050,7840,,,,,,,
522,,8040,257493,2030,20191219,7790,8040,7630,,,,,,,
523,,7730,156256,1197,20191218,7680,7750,7510,,,,,,,
524,,7620,158262,1186,20191217,7470,7640,7270,,,,,,,
525,,7470,132817,1004,20191216,7570,7720,7360,,,,,,,
526,,7570,293020,2156,20191213,6900,7580,6900,,,,,,,
527,,6900,42760,291,20191212,6810,6900,6710,,,,,,,
528,,6810,67924,457,20191211,6850,6860,6580,,,,,,,
529,,6860,83750,572,20191210,7040,7040,6750,,,,,,,
530,,6980,107687,755,20191209,7120,7460,6730,,,,,,,
531,,7130,84159,590,20191206,6970,7130,6940,,,,,,,
532,,6970,59228,420,20191205,7100,7230,6970,,,,,,,
533,,7200,36582,260,20191204,7210,7210,7000,,,,,,,
534,,7210,15347,110,20191203,7060,7250,7060,,,,,,,
535,,7210,18121,130,20191202,7100,7250,7100,,,,,,,
536,,7190,35429,253,20191129,7130,7200,7110,,,,,,,
537,,7130,24000,170,20191128,7040,7150,7040,,,,,,,
538,,6980,16134,113,20191127,7050,7100,6930,,,,,,,
539,,7050,13080,91,20191126,7100,7100,6930,,,,,,,
540,,7010,9543,67,20191125,7100,7150,6950,,,,,,,
541,,7100,42884,299,20191122,7140,7140,6810,,,,,,,
542,,7100,39392,282,20191121,7290,7290,7000,,,,,,,
543,,7300,19013,139,20191120,7210,7380,7210,,,,,,,
544,,7370,24884,183,20191119,7400,7400,7290,,,,,,,
545,,7390,94245,695,20191118,7350,7430,7340,,,,,,,
546,,7350,47638,345,20191115,7330,7360,7110,,,,,,,
547,,7260,79876,589,20191114,7250,7490,7170,,,,,,,
548,,7250,49020,354,20191113,7100,7310,7100,,,,,,,
549,,7130,18507,131,20191112,7010,7130,7000,,,,,,,
550,,6990,42003,294,20191111,7090,7190,6950,,,,,,,
551,,7090,21947,155,20191108,7150,7170,7000,,,,,,,
552,,7150,30196,217,20191107,7190,7270,7110,,,,,,,
553,,7240,29410,213,20191106,7280,7320,7160,,,,,,,
554,,7290,28635,209,20191105,7300,7340,7220,,,,,,,
555,,7300,78281,561,20191104,7210,7300,7050,,,,,,,
556,,7200,38169,274,20191101,7250,7270,6870,,,,,,,
557,,7210,107764,782,20191031,7470,7470,7190,,,,,,,
558,,7500,25244,188,20191030,7530,7540,7360,,,,,,,
559,,7540,14648,110,20191029,7550,7600,7460,,,,,,,
560,,7550,27064,203,20191028,7450,7620,7350,,,,,,,
561,,7370,25013,184,20191025,7430,7430,7300,,,,,,,
562,,7420,24527,181,20191024,7390,7450,7300,,,,,,,
563,,7390,48433,356,20191023,7490,7490,7290,,,,,,,
564,,7440,30575,227,20191022,7550,7550,7380,,,,,,,
565,,7540,24128,183,20191021,7640,7700,7520,,,,,,,
566,,7640,27482,207,20191018,7450,7640,7420,,,,,,,
567,,7450,15797,117,20191017,7490,7490,7390,,,,,,,
568,,7440,28293,210,20191016,7400,7520,7340,,,,,,,
569,,7400,24255,180,20191015,7510,7510,7400,,,,,,,
570,,7510,14658,110,20191014,7550,7630,7460,,,,,,,
571,,7540,29159,219,20191011,7680,7690,7470,,,,,,,
572,,7650,18699,142,20191010,7640,7660,7540,,,,,,,
573,,7700,19188,146,20191008,7770,7770,7540,,,,,,,
574,,7670,28471,216,20191007,7770,7770,7570,,,,,,,
575,,7750,14560,112,20191004,7770,7770,7630,,,,,,,
576,,7750,20663,159,20191002,7770,7770,7700,,,,,,,
577,,7750,18338,142,20191001,7780,7800,7690,,,,,,,
578,,7750,8996,70,20190930,7780,7780,7710,,,,,,,
579,,7850,30446,236,20190927,7780,7850,7700,,,,,,,
580,,7780,89036,689,20190926,7700,7870,7570,,,,,,,
581,,7630,19531,149,20190925,7650,7680,7520,,,,,,,
582,,7650,53966,406,20190924,7580,7680,7460,,,,,,,
583,,7600,39237,295,20190923,7640,7650,7440,,,,,,,
584,,7650,28825,220,20190920,7640,7720,7580,,,,,,,
585,,7690,12832,99,20190919,7800,7800,7580,,,,,,,
586,,7770,7865,61,20190918,7780,7800,7610,,,,,,,
587,,7780,41998,321,20190917,7650,7810,7460,,,,,,,
588,,7650,45139,345,20190916,7740,7820,7530,,,,,,,
589,,7770,53459,408,20190911,7640,7800,7540,,,,,,,
590,,7640,47982,369,20190910,7940,7940,7560,,,,,,,
591,,7880,38537,302,20190909,7970,7970,7750,,,,,,,
592,,7860,89934,716,20190906,7850,8150,7760,,,,,,,
593,,7840,26287,207,20190905,7900,7980,7810,,,,,,,
594,,7850,33623,263,20190904,7800,7900,7760,,,,,,,
595,,7800,30727,242,20190903,7910,8000,7770,,,,,,,
596,,7990,44442,353,20190902,7750,8000,7690,,,,,,,
597,,7770,35538,277,20190830,7650,8000,7610,,,,,,,
598,,7650,15511,119,20190829,7800,7800,7570,,,,,,,
599,,7700,18331,141,20190828,7650,7720,7500,,,,,,,
