,종목코드,현재가,거래량,거래대금,일자,시가,고가,저가,수정주가구분,수정비율,대업종구분,소업종구분,종목정보,수정주가이벤트,전일종가
0,019540,3300,143085,470,20220203,3220,3340,3220,,,,,,,
1,,3230,170165,542,20220128,3100,3275,3085,,,,,,,
2,,3105,463002,1527,20220127,3590,3605,3105,,,,,,,
3,,3570,356890,1273,20220126,3555,3645,3470,,,,,,,
4,,3605,361661,1345,20220125,3880,3960,3605,,,,,,,
5,,3880,386194,1506,20220124,3880,4060,3780,,,,,,,
6,,3895,255354,1008,20220121,4035,4060,3855,,,,,,,
7,,4035,445486,1791,20220120,4200,4205,3900,,,,,,,
8,,4105,764425,3214,20220119,4130,4320,4020,,,,,,,
9,,4195,976346,4114,20220118,4300,4430,4035,,,,,,,
10,,4300,2214530,9528,20220117,4235,4485,4105,,,,,,,
11,,4195,1574217,6641,20220114,4180,4365,4035,,,,,,,
12,,4225,5925334,26278,20220113,4500,4720,4110,,,,,,,
13,,4300,4642895,19036,20220112,3310,4300,3130,,,,,,,
14,,3310,22898,75,20220111,3360,3360,3240,,,,,,,
15,,3360,32363,108,20220110,3395,3400,3300,,,,,,,
16,,3365,24988,84,20220107,3330,3390,3310,,,,,,,
17,,3330,31734,104,20220106,3310,3330,3265,,,,,,,
18,,3310,42793,143,20220105,3375,3400,3305,,,,,,,
19,,3375,26989,91,20220104,3345,3390,3330,,,,,,,
20,,3345,18498,62,20220103,3350,3385,3320,,,,,,,
21,,3345,27481,91,20211230,3285,3350,3270,,,,,,,
22,,3285,21166,70,20211229,3245,3325,3230,4,0.00,,,,,
23,,3245,37004,120,20211228,3290,3290,3215,,,,,,,
24,,3270,21727,70,20211227,3210,3270,3200,,,,,,,
25,,3190,50230,162,20211224,3170,3280,3135,,,,,,,
26,,3115,14282,45,20211223,3125,3175,3110,,,,,,,
27,,3110,11783,37,20211222,3115,3155,3090,,,,,,,
28,,3090,34113,104,20211221,3060,3115,3010,,,,,,,
29,,3095,40289,126,20211220,3200,3200,3075,,,,,,,
30,,3230,22326,72,20211217,3240,3240,3200,,,,,,,
31,,3215,23080,74,20211216,3195,3240,3190,,,,,,,
32,,3210,31575,102,20211215,3285,3285,3195,,,,,,,
33,,3290,28294,92,20211214,3280,3290,3210,,,,,,,
34,,3290,57259,188,20211213,3295,3330,3250,,,,,,,
35,,3295,14119,46,20211210,3330,3330,3265,,,,,,,
36,,3330,26383,87,20211209,3345,3355,3240,,,,,,,
37,,3345,19785,66,20211208,3350,3400,3280,,,,,,,
38,,3350,29284,98,20211207,3355,3405,3320,,,,,,,
39,,3355,57646,190,20211206,3290,3360,3225,,,,,,,
40,,3335,43144,143,20211203,3260,3370,3260,,,,,,,
41,,3230,60655,193,20211202,3125,3245,3085,,,,,,,
42,,3110,98700,293,20211201,2895,3110,2840,,,,,,,
43,,2895,84577,253,20211130,3125,3185,2875,,,,,,,
44,,3125,72451,224,20211129,3125,3195,2960,,,,,,,
45,,3125,123130,398,20211126,3400,3415,3080,,,,,,,
46,,3400,37216,127,20211125,3480,3500,3370,,,,,,,
47,,3480,35255,123,20211124,3510,3540,3440,,,,,,,
48,,3510,34800,121,20211123,3500,3530,3285,,,,,,,
49,,3545,29961,104,20211122,3475,3545,3405,,,,,,,
50,,3475,35883,125,20211119,3450,3590,3450,,,,,,,
51,,3450,56432,196,20211118,3570,3585,3300,,,,,,,
52,,3570,61285,222,20211117,3725,3800,3555,,,,,,,
53,,3725,26495,98,20211116,3740,3765,3685,,,,,,,
54,,3725,40511,149,20211115,3670,3735,3635,,,,,,,
55,,3630,45930,164,20211112,3500,3640,3490,,,,,,,
56,,3525,65223,230,20211111,3550,3595,3460,,,,,,,
57,,3625,93852,341,20211110,3760,3795,3590,,,,,,,
58,,3755,59037,217,20211109,3660,3760,3630,,,,,,,
59,,3655,49407,180,20211108,3635,3690,3630,,,,,,,
60,,3710,37931,140,20211105,3725,3740,3660,,,,,,,
61,,3740,51785,192,20211104,3765,3795,3675,,,,,,,
62,,3780,43780,165,20211103,3835,3870,3750,,,,,,,
63,,3830,71094,272,20211102,3810,3870,3805,,,,,,,
64,,3810,45413,173,20211101,3820,3855,3755,,,,,,,
65,,3820,46283,181,20211029,3955,4025,3800,,,,,,,
66,,3960,127208,493,20211028,3910,3980,3835,,,,,,,
67,,3920,45592,180,20211027,3965,3990,3905,,,,,,,
68,,3960,23005,91,20211026,3915,3980,3915,,,,,,,
69,,3910,29452,114,20211025,3860,3950,3810,,,,,,,
70,,3890,35845,142,20211022,3950,4025,3890,,,,,,,
71,,3990,35370,142,20211021,4070,4100,3980,,,,,,,
72,,4070,54692,225,20211020,4095,4180,4065,,,,,,,
73,,4095,37110,152,20211019,4085,4135,4060,,,,,,,
74,,4085,46610,190,20211018,4050,4125,4005,,,,,,,
75,,4045,37178,150,20211015,4035,4075,4000,,,,,,,
76,,4020,27020,108,20211014,3985,4055,3970,,,,,,,
77,,3970,41376,163,20211013,3945,4020,3810,,,,,,,
78,,3960,76876,304,20211012,3940,4055,3855,,,,,,,
79,,3940,72852,278,20211008,3805,3940,3740,,,,,,,
80,,3770,44145,164,20211007,3605,3830,3605,,,,,,,
81,,3605,74870,277,20211006,3780,3835,3605,,,,,,,
82,,3780,96879,368,20211005,4000,4000,3730,,,,,,,
83,,4010,115172,464,20211001,4000,4245,3890,,,,,,,
84,,4000,43078,172,20210930,3945,4045,3935,,,,,,,
85,,3985,63758,250,20210929,3890,3990,3880,,,,,,,
86,,4020,72217,296,20210928,4155,4270,4000,,,,,,,
87,,4155,100977,415,20210927,3960,4155,3935,,,,,,,
88,,3960,72982,289,20210924,3955,4040,3905,,,,,,,
89,,3985,48047,191,20210923,4025,4030,3940,,,,,,,
90,,4045,51939,209,20210917,4035,4045,4000,,,,,,,
91,,4045,46936,191,20210916,4070,4150,4040,,,,,,,
92,,4090,73028,301,20210915,4200,4205,4020,,,,,,,
93,,4195,109728,462,20210914,4160,4255,4160,,,,,,,
94,,4200,85816,368,20210913,4365,4415,4175,,,,,,,
95,,4355,88551,386,20210910,4375,4400,4305,,,,,,,
96,,4375,101663,447,20210909,4400,4460,4340,,,,,,,
97,,4505,248030,1115,20210908,4360,4600,4355,,,,,,,
98,,4360,121675,537,20210907,4420,4440,4320,,,,,,,
99,,4370,157265,689,20210906,4500,4500,4335,,,,,,,
100,,4555,410545,1849,20210903,4325,4650,4295,,,,,,,
101,,4300,52494,227,20210902,4390,4395,4280,,,,,,,
102,,4390,69631,303,20210901,4370,4400,4300,,,,,,,
103,,4370,58943,257,20210831,4340,4405,4315,,,,,,,
104,,4340,47759,208,20210830,4350,4400,4325,,,,,,,
105,,4320,111614,481,20210827,4185,4360,4165,,,,,,,
106,,4185,45742,192,20210826,4190,4225,4175,,,,,,,
107,,4190,70584,294,20210825,4170,4230,4140,,,,,,,
108,,4150,88272,362,20210824,3960,4150,3960,,,,,,,
109,,3940,102194,401,20210823,3850,4000,3800,,,,,,,
110,,3850,165742,648,20210820,4050,4110,3800,,,,,,,
111,,4050,104608,432,20210819,4145,4235,4040,,,,,,,
112,,4220,113701,476,20210818,4180,4250,4090,,,,,,,
113,,4180,296948,1228,20210817,4350,4370,4080,,,,,,,
114,,4390,331702,1443,20210813,4535,4535,4250,,,,,,,
115,,4535,69529,315,20210812,4450,4590,4450,,,,,,,
116,,4485,63545,288,20210811,4570,4630,4485,,,,,,,
117,,4570,86041,393,20210810,4660,4665,4515,,,,,,,
118,,4660,110422,514,20210809,4710,4760,4590,,,,,,,
119,,4710,52471,246,20210806,4710,4730,4670,,,,,,,
120,,4710,61215,287,20210805,4685,4735,4650,,,,,,,
121,,4685,81193,376,20210804,4585,4695,4585,,,,,,,
122,,4585,137010,634,20210803,4710,4765,4540,,,,,,,
123,,4700,111829,523,20210802,4745,4760,4625,,,,,,,
124,,4795,166473,789,20210730,4825,4830,4690,,,,,,,
125,,4815,152961,738,20210729,4850,4950,4710,,,,,,,
126,,4850,134083,644,20210728,4785,4890,4720,,,,,,,
127,,4800,93249,448,20210727,4770,4850,4770,,,,,,,
128,,4780,198955,961,20210726,4945,4960,4760,,,,,,,
129,,4940,101037,500,20210723,4985,5010,4915,,,,,,,
130,,4985,157075,785,20210722,5020,5090,4945,,,,,,,
131,,5040,398738,2039,20210721,4985,5260,4955,,,,,,,
132,,4985,205171,1022,20210720,4895,5090,4890,,,,,,,
133,,5080,361956,1840,20210719,5310,5330,5000,,,,,,,
134,,5280,740930,3950,20210716,5470,5500,5250,,,,,,,
135,,5610,1855924,10087,20210715,5150,5610,5130,,,,,,,
136,,5090,1403455,7358,20210714,5070,5550,5020,,,,,,,
137,,5070,186201,941,20210713,5000,5150,4965,,,,,,,
138,,4965,143349,712,20210712,4890,5050,4880,,,,,,,
139,,4970,396658,1932,20210709,4950,5010,4755,,,,,,,
140,,5050,418588,2135,20210708,5310,5330,4970,,,,,,,
141,,5270,615864,3226,20210707,5180,5350,5100,,,,,,,
142,,5010,153741,773,20210706,5120,5170,4980,,,,,,,
143,,5120,203032,1017,20210705,5090,5140,4945,,,,,,,
144,,5090,367209,1888,20210702,5260,5270,5050,,,,,,,
145,,5260,422990,2160,20210701,5060,5260,4925,,,,,,,
146,,5100,260703,1344,20210630,5190,5250,5100,,,,,,,
147,,5230,285465,1486,20210629,5160,5340,5130,,,,,,,
148,,5160,278999,1445,20210628,5230,5250,5130,,,,,,,
149,,5250,329955,1724,20210625,5170,5340,5100,,,,,,,
150,,5210,882889,4644,20210624,5130,5460,5060,,,,,,,
151,,5230,1630336,8618,20210623,5410,5550,5120,,,,,,,
152,,5410,10641714,62156,20210622,5600,6300,5340,,,,,,,
153,,5160,3865816,20172,20210621,4930,5500,4805,,,,,,,
154,,4860,713618,3414,20210618,4655,4870,4600,,,,,,,
155,,4655,150598,697,20210617,4625,4695,4570,,,,,,,
156,,4625,144763,660,20210616,4520,4625,4510,,,,,,,
157,,4555,175293,791,20210615,4560,4580,4460,,,,,,,
158,,4555,317180,1447,20210614,4660,4680,4500,,,,,,,
159,,4655,1199509,5757,20210611,4790,4950,4585,,,,,,,
160,,4720,3160837,15077,20210610,4555,5090,4555,,,,,,,
161,,4500,648360,2980,20210609,4585,4725,4480,,,,,,,
162,,4460,3301211,16113,20210608,4610,5230,4460,,,,,,,
163,,4590,714095,3257,20210607,4605,4655,4440,,,,,,,
164,,4435,151254,668,20210604,4485,4485,4360,,,,,,,
165,,4440,233254,1026,20210603,4375,4440,4350,,,,,,,
166,,4375,211879,926,20210602,4330,4425,4325,,,,,,,
167,,4330,160345,694,20210601,4335,4360,4280,,,,,,,
168,,4330,204120,885,20210531,4355,4385,4280,,,,,,,
169,,4290,336905,1449,20210528,4250,4335,4245,,,,,,,
170,,4215,141781,591,20210527,4230,4230,4105,,,,,,,
171,,4200,748726,3213,20210526,4230,4435,4195,,,,,,,
172,,4190,79572,331,20210525,4110,4200,4105,,,,,,,
173,,4115,58278,241,20210524,4140,4175,4110,,,,,,,
174,,4180,61353,258,20210521,4225,4245,4175,,,,,,,
175,,4225,95657,399,20210520,4100,4245,4080,,,,,,,
176,,4100,45853,185,20210518,4020,4100,3965,,,,,,,
177,,4010,59892,244,20210517,4110,4115,4010,,,,,,,
178,,4070,34086,139,20210514,4020,4120,4020,,,,,,,
179,,4015,80336,325,20210513,4005,4125,3960,,,,,,,
180,,4095,103935,422,20210512,4135,4140,4000,,,,,,,
181,,4135,66553,275,20210511,4195,4195,4100,,,,,,,
182,,4195,57151,240,20210510,4255,4255,4150,,,,,,,
183,,4220,63087,267,20210507,4280,4280,4215,,,,,,,
184,,4240,104141,441,20210506,4190,4280,4165,,,,,,,
185,,4165,109759,450,20210504,4160,4230,4040,,,,,,,
186,,4160,172121,722,20210503,4065,4255,4065,,,,,,,
187,,4075,92001,374,20210430,4050,4160,4010,,,,,,,
188,,4060,113356,464,20210429,4030,4190,4020,,,,,,,
189,,4030,146038,596,20210428,4140,4165,4030,,,,,,,
190,,4170,94409,393,20210427,4180,4195,4140,,,,,,,
191,,4175,105175,438,20210426,4220,4220,4145,,,,,,,
192,,4220,118516,498,20210423,4255,4255,4180,,,,,,,
193,,4255,194393,816,20210422,4155,4255,4110,,,,,,,
194,,4150,258387,1082,20210421,4320,4320,4150,,,,,,,
195,,4300,429542,1858,20210420,4305,4375,4265,,,,,,,
196,,4255,358200,1517,20210419,4315,4315,4190,,,,,,,
197,,4275,384913,1647,20210416,4385,4385,4225,,,,,,,
198,,4340,3637434,16603,20210415,4500,4945,4260,,,,,,,
199,,4190,712588,2989,20210414,4250,4325,4105,,,,,,,
200,,4230,7692984,34422,20210413,4100,4795,4100,,,,,,,
201,,4100,534859,2176,20210412,3890,4180,3850,,,,,,,
202,,3890,96585,374,20210409,3850,3920,3845,,,,,,,
203,,3890,64462,249,20210408,3880,3910,3845,,,,,,,
204,,3880,70339,272,20210407,3915,3945,3850,,,,,,,
205,,3915,70393,277,20210406,3945,4050,3885,,,,,,,
206,,3935,117876,461,20210405,3875,3955,3840,,,,,,,
207,,3875,98488,383,20210402,3900,3950,3845,,,,,,,
208,,3900,296368,1144,20210401,3745,3940,3745,,,,,,,
209,,3745,41622,155,20210331,3745,3780,3710,,,,,,,
210,,3725,203726,771,20210330,3675,3850,3660,,,,,,,
211,,3655,43831,160,20210329,3695,3720,3645,,,,,,,
212,,3695,44447,163,20210326,3655,3705,3640,,,,,,,
213,,3655,52063,191,20210325,3685,3720,3635,,,,,,,
214,,3685,43792,160,20210324,3645,3715,3615,,,,,,,
215,,3680,82521,304,20210323,3745,3745,3650,,,,,,,
216,,3745,58189,219,20210322,3795,3840,3710,,,,,,,
217,,3800,48055,180,20210319,3765,3800,3720,,,,,,,
218,,3785,84253,319,20210318,3760,3820,3760,,,,,,,
219,,3775,55658,209,20210317,3850,3850,3730,,,,,,,
220,,3820,56760,216,20210316,3820,3850,3800,,,,,,,
221,,3810,49063,187,20210315,3800,3850,3780,,,,,,,
222,,3800,93182,355,20210312,3770,3870,3745,,,,,,,
223,,3730,58848,218,20210311,3640,3740,3640,,,,,,,
224,,3650,93077,341,20210310,3730,3730,3625,,,,,,,
225,,3690,110306,404,20210309,3780,3780,3630,,,,,,,
226,,3765,60914,231,20210308,3805,3840,3765,,,,,,,
227,,3840,87312,326,20210305,3735,3840,3665,,,,,,,
228,,3765,59577,226,20210304,3825,3910,3735,,,,,,,
229,,3825,440154,1732,20210303,3695,4120,3695,,,,,,,
230,,3740,59966,228,20210302,3775,3870,3725,,,,,,,
231,,3775,132133,492,20210226,3830,3830,3620,,,,,,,
232,,3840,54636,209,20210225,3795,3865,3795,,,,,,,
233,,3750,158723,616,20210224,3955,3985,3750,,,,,,,
234,,3985,49682,198,20210223,3970,4020,3950,,,,,,,
235,,3980,85324,344,20210222,4050,4095,3980,,,,,,,
236,,4050,98937,396,20210219,4055,4070,3960,,,,,,,
237,,4055,115025,472,20210218,4170,4170,4055,,,,,,,
238,,4170,101812,416,20210217,4100,4180,4045,,,,,,,
239,,4120,95188,394,20210216,4180,4195,4110,,,,,,,
240,,4195,114913,474,20210215,4100,4195,4075,,,,,,,
241,,4110,100826,407,20210210,4105,4110,3980,,,,,,,
242,,4070,111316,453,20210209,4050,4140,4040,,,,,,,
243,,4050,221621,897,20210208,4195,4195,3995,,,,,,,
244,,4195,306104,1310,20210205,4425,4430,4190,,,,,,,
245,,4345,374638,1613,20210204,4190,4420,4165,,,,,,,
246,,4190,423456,1782,20210203,4045,4335,4045,,,,,,,
247,,4020,155529,633,20210202,4030,4190,4000,,,,,,,
248,,4020,172583,686,20210201,3910,4070,3815,,,,,,,
249,,3950,317527,1268,20210129,4140,4245,3850,,,,,,,
250,,4145,243300,1019,20210128,4220,4290,4130,,,,,,,
251,,4375,281466,1227,20210127,4360,4450,4270,,,,,,,
252,,4360,282802,1237,20210126,4490,4490,4310,,,,,,,
253,,4490,371863,1663,20210125,4450,4575,4400,,,,,,,
254,,4450,454403,2027,20210122,4490,4550,4400,,,,,,,
255,,4550,913003,4053,20210121,4300,4575,4250,,,,,,,
256,,4295,1875270,8406,20210120,4480,4850,4230,,,,,,,
257,,4380,605448,2611,20210119,4045,4410,4040,,,,,,,
258,,4035,300870,1226,20210118,4030,4170,4000,,,,,,,
259,,4130,368271,1532,20210115,4300,4320,4075,,,,,,,
260,,4295,451031,1961,20210114,4330,4480,4200,,,,,,,
261,,4330,478435,2084,20210113,4165,4445,4165,,,,,,,
262,,4200,282373,1172,20210112,4120,4250,4050,,,,,,,
263,,4175,530805,2280,20210111,4495,4520,4120,,,,,,,
264,,4370,1693503,7642,20210108,4415,4650,4360,,,,,,,
265,,4410,5001427,22688,20210107,4110,4780,4110,,,,,,,
266,,4145,271603,1134,20210106,4215,4280,4135,,,,,,,
267,,4215,554192,2338,20210105,4285,4295,4120,,,,,,,
268,,4300,2107047,9143,20210104,4060,4550,4010,,,,,,,
269,,4000,812556,3280,20201230,3900,4120,3900,,,,,,,
270,,3880,350614,1384,20201229,3955,4060,3880,4,0.00,,,,,
271,,3920,1128683,4522,20201228,3995,4155,3825,,,,,,,
272,,3955,6374223,29010,20201224,5060,5060,3915,,,,,,,
273,,4210,3006947,12398,20201223,3695,4265,3615,,,,,,,
274,,3710,114310,428,20201222,3810,3810,3690,,,,,,,
275,,3810,82696,312,20201221,3810,3825,3735,,,,,,,
276,,3805,91797,349,20201218,3775,3830,3775,,,,,,,
277,,3775,60353,226,20201217,3790,3810,3660,,,,,,,
278,,3790,55596,211,20201216,3780,3850,3775,,,,,,,
279,,3760,51178,193,20201215,3805,3820,3755,,,,,,,
280,,3810,70870,269,20201214,3830,3840,3790,,,,,,,
281,,3830,93763,355,20201211,3760,3830,3760,,,,,,,
282,,3770,68154,256,20201210,3760,3780,3725,,,,,,,
283,,3760,111807,418,20201209,3715,3770,3710,,,,,,,
284,,3710,181190,672,20201208,3640,3755,3605,,,,,,,
285,,3640,196006,712,20201207,3675,3725,3580,,,,,,,
286,,3710,162384,602,20201204,3780,3800,3665,,,,,,,
287,,3775,315801,1192,20201203,3880,3905,3735,,,,,,,
288,,3910,126305,496,20201202,3970,3975,3880,,,,,,,
289,,3960,144394,571,20201201,4020,4020,3905,,,,,,,
290,,3985,99613,398,20201130,3980,4015,3975,,,,,,,
291,,3970,152353,608,20201127,3990,4030,3955,,,,,,,
292,,3980,87208,347,20201126,4000,4010,3935,,,,,,,
293,,3990,215821,866,20201125,4055,4095,3950,,,,,,,
294,,4040,190458,769,20201124,4000,4090,4000,,,,,,,
295,,3995,138974,556,20201123,4000,4050,3950,,,,,,,
296,,3995,165213,658,20201120,3925,4040,3925,,,,,,,
297,,3945,195535,769,20201119,4000,4010,3900,,,,,,,
298,,4000,221524,888,20201118,4025,4075,3985,,,,,,,
299,,4020,326817,1318,20201117,4145,4145,3990,,,,,,,
300,,4145,369176,1533,20201116,4160,4215,4100,,,,,,,
301,,4145,428914,1798,20201113,4190,4285,4135,,,,,,,
302,,4170,1007800,4251,20201112,4450,4455,4110,,,,,,,
303,,4440,3446511,15821,20201111,5170,5460,4360,,,,,,,
304,,5160,778342,3941,20201110,5080,5200,4875,,,,,,,
305,,4880,1100935,5279,20201109,4600,4940,4595,,,,,,,
306,,4530,4399769,22426,20201106,5150,5940,4515,,,,,,,
307,,5230,1424885,7297,20201105,4700,5440,4700,,,,,,,
308,,4700,237542,1137,20201104,4815,4930,4660,,,,,,,
309,,4815,168265,815,20201103,4855,4940,4780,,,,,,,
310,,4855,81798,396,20201102,4850,4935,4805,,,,,,,
311,,4850,253662,1256,20201030,4870,5020,4830,,,,,,,
312,,4880,182423,877,20201029,4735,4880,4620,,,,,,,
313,,4770,215186,1022,20201028,4590,4845,4540,,,,,,,
314,,4450,87863,396,20201027,4390,4580,4365,,,,,,,
315,,4435,159452,702,20201026,4600,4685,4345,,,,,,,
316,,4600,66843,311,20201023,4690,4750,4585,,,,,,,
317,,4660,80459,382,20201022,4795,4840,4660,,,,,,,
318,,4795,59402,286,20201021,4815,4890,4770,,,,,,,
319,,4845,185359,873,20201020,4715,4855,4620,,,,,,,
320,,4780,128518,617,20201019,4855,4900,4755,,,,,,,
321,,4885,262810,1284,20201016,4930,5030,4770,,,,,,,
322,,4930,382693,1894,20201015,4995,5050,4850,,,,,,,
323,,4920,931084,4590,20201014,4825,5090,4730,,,,,,,
324,,4805,316768,1503,20201013,4680,4835,4620,,,,,,,
325,,4665,381584,1800,20201012,4740,4840,4600,,,,,,,
326,,4715,492020,2334,20201008,4665,4815,4635,,,,,,,
327,,4625,224183,1035,20201007,4570,4700,4500,,,,,,,
328,,4580,595610,2738,20201006,4705,4705,4550,,,,,,,
329,,4745,1096933,5159,20201005,4445,4885,4420,,,,,,,
330,,4445,488555,2198,20200929,4530,4600,4400,,,,,,,
331,,4415,627734,2841,20200928,4475,4695,4310,,,,,,,
332,,4435,738183,3309,20200925,4245,4670,4245,,,,,,,
333,,4170,320015,1349,20200924,4310,4310,4150,,,,,,,
334,,4465,425429,1921,20200923,4495,4750,4400,,,,,,,
335,,4415,1108413,5009,20200922,4315,4815,4245,,,,,,,
336,,4260,343418,1474,20200921,4210,4405,4190,,,,,,,
337,,4190,570696,2422,20200918,4400,4400,4155,,,,,,,
338,,4400,924784,4172,20200917,4605,4605,4400,,,,,,,
339,,4605,11033872,51641,20200916,4105,5000,4090,,,,,,,
340,,4105,608747,2500,20200915,4080,4210,4030,,,,,,,
341,,4120,5084070,21808,20200914,4020,4550,3915,,,,,,,
342,,3910,85725,332,20200911,3880,3930,3840,,,,,,,
343,,3880,1026996,4131,20200910,3920,4205,3850,,,,,,,
344,,3920,341468,1349,20200909,3765,4020,3765,,,,,,,
345,,3850,272799,1071,20200908,4050,4050,3845,,,,,,,
346,,3965,752887,2964,20200907,3815,4030,3730,,,,,,,
347,,3800,288172,1093,20200904,3695,3925,3610,,,,,,,
348,,3810,238309,905,20200903,3830,3850,3700,,,,,,,
349,,3760,106417,397,20200902,3780,3780,3695,,,,,,,
350,,3715,75336,279,20200901,3685,3750,3650,,,,,,,
351,,3685,94473,350,20200831,3755,3755,3650,,,,,,,
352,,3670,211299,783,20200828,3570,3765,3570,,,,,,,
353,,3570,123160,442,20200827,3705,3705,3515,,,,,,,
354,,3705,121973,449,20200826,3735,3750,3615,,,,,,,
355,,3735,288854,1073,20200825,3575,3765,3575,,,,,,,
356,,3510,269090,945,20200824,3345,3590,3345,,,,,,,
357,,3345,151143,499,20200821,3290,3360,3220,,,,,,,
358,,3245,251780,805,20200820,3300,3355,3105,,,,,,,
359,,3290,110670,363,20200819,3210,3325,3210,,,,,,,
360,,3270,297506,1001,20200818,3505,3520,3250,,,,,,,
361,,3505,210825,744,20200814,3640,3640,3455,,,,,,,
362,,3640,218831,790,20200813,3570,3660,3455,,,,,,,
363,,3570,333736,1204,20200812,3705,3760,3515,,,,,,,
364,,3685,482834,1793,20200811,3715,3775,3680,,,,,,,
365,,3760,1755680,6714,20200810,3800,3885,3760,,,,,,,
366,,3760,739350,2791,20200807,3855,3855,3740,,,,,,,
367,,3840,828292,3170,20200806,3950,3950,3775,,,,,,,
368,,3905,11333527,48697,20200805,3960,4690,3905,,,,,,,
369,,3820,862481,3375,20200804,3840,3900,3700,,,,,,,
370,,3870,1007899,3881,20200803,3650,3935,3650,,,,,,,
371,,3650,164333,602,20200731,3720,3735,3630,,,,,,,
372,,3720,259760,956,20200730,3600,3760,3540,,,,,,,
373,,3600,332264,1213,20200729,3735,3745,3580,,,,,,,
374,,3690,866270,3257,20200728,3905,3905,3670,,,,,,,
375,,3825,3853079,14905,20200727,3645,4005,3605,,,,,,,
376,,3570,143327,506,20200724,3500,3600,3475,,,,,,,
377,,3555,122085,433,20200723,3625,3630,3500,,,,,,,
378,,3620,167545,596,20200722,3510,3650,3455,,,,,,,
379,,3550,251302,902,20200721,3575,3645,3525,,,,,,,
380,,3580,215847,762,20200720,3510,3625,3460,,,,,,,
381,,3510,126416,443,20200717,3455,3540,3455,,,,,,,
382,,3485,300269,1052,20200716,3550,3590,3420,,,,,,,
383,,3530,305685,1055,20200715,3330,3550,3315,,,,,,,
384,,3330,228292,755,20200714,3400,3400,3250,,,,,,,
385,,3400,131984,435,20200713,3225,3400,3190,,,,,,,
386,,3225,127673,413,20200710,3290,3330,3180,,,,,,,
387,,3290,87534,289,20200709,3335,3360,3260,,,,,,,
388,,3335,101261,335,20200708,3260,3360,3260,,,,,,,
389,,3290,117604,390,20200707,3375,3450,3280,,,,,,,
390,,3395,151108,504,20200706,3440,3470,3250,,,,,,,
391,,3440,126807,433,20200703,3480,3515,3325,,,,,,,
392,,3440,112290,377,20200702,3305,3440,3290,,,,,,,
393,,3300,107831,365,20200701,3450,3450,3300,,,,,,,
394,,3330,168251,572,20200630,3400,3500,3305,,,,,,,
395,,3280,178138,593,20200629,3365,3455,3240,,,,,,,
396,,3455,169689,592,20200626,3460,3565,3440,,,,,,,
397,,3460,368314,1285,20200625,3430,3620,3245,,,,,,,
398,,3565,446455,1593,20200624,3585,3655,3465,,,,,,,
399,,3575,1051998,3799,20200623,3500,3780,3490,,,,,,,
400,,3500,479201,1677,20200622,3595,3595,3440,,,,,,,
401,,3645,3413852,12341,20200619,3350,3820,3290,,,,,,,
402,,3215,104657,339,20200618,3315,3315,3210,,,,,,,
403,,3285,167749,553,20200617,3245,3405,3100,,,,,,,
404,,3300,221218,731,20200616,3250,3355,3200,,,,,,,
405,,3145,579090,1946,20200615,3415,3505,3145,,,,,,,
406,,3510,411152,1441,20200612,3550,3605,3435,,,,,,,
407,,3700,429889,1628,20200611,3850,3890,3695,,,,,,,
408,,3865,1042843,4050,20200610,3735,3970,3680,,,,,,,
409,,3850,1093677,4259,20200609,3940,4010,3785,,,,,,,
410,,4030,2610476,10219,20200608,3845,4030,3785,,,,,,,
411,,3865,11418067,45667,20200605,3585,4285,3510,,,,,,,
412,,3585,5653457,19829,20200604,3275,3695,3250,,,,,,,
413,,3205,529352,1766,20200603,3335,3425,3205,,,,,,,
414,,3335,488306,1631,20200602,3330,3395,3270,,,,,,,
415,,3330,1287798,4244,20200601,3035,3390,3020,,,,,,,
416,,3070,242849,757,20200529,3065,3195,3025,,,,,,,
417,,3115,454722,1424,20200528,3260,3280,3000,,,,,,,
418,,3260,2802437,9324,20200527,3095,3580,3095,,,,,,,
419,,3055,170563,525,20200526,3015,3120,3015,,,,,,,
420,,3015,94898,287,20200525,3015,3065,2980,,,,,,,
421,,3015,207158,625,20200522,3110,3125,2910,,,,,,,
422,,3090,543476,1725,20200521,3190,3255,3080,,,,,,,
423,,3170,512844,1591,20200520,3080,3170,3025,,,,,,,
424,,3085,623072,1901,20200519,2960,3170,2960,,,,,,,
425,,2970,294853,874,20200518,2945,3010,2890,,,,,,,
426,,2945,164341,477,20200515,2880,2945,2825,,,,,,,
427,,2880,115668,335,20200514,2880,2970,2820,,,,,,,
428,,2880,67534,193,20200513,2870,2890,2780,,,,,,,
429,,2870,118531,338,20200512,2930,2970,2755,,,,,,,
430,,2920,141464,414,20200511,2890,2970,2865,,,,,,,
431,,2880,83644,240,20200508,2905,2905,2850,,,,,,,
432,,2850,77045,219,20200507,2880,2885,2795,,,,,,,
433,,2815,75780,214,20200506,2830,2900,2790,,,,,,,
434,,2830,82800,234,20200504,2800,2950,2730,,,,,,,
435,,2850,83722,237,20200429,2880,2890,2805,,,,,,,
436,,2800,72176,203,20200428,2800,2890,2765,,,,,,,
437,,2800,87670,246,20200427,2745,2855,2745,,,,,,,
438,,2745,165471,470,20200424,2870,2980,2745,,,,,,,
439,,2915,430301,1291,20200423,2910,3095,2905,,,,,,,
440,,2895,114602,328,20200422,2850,2935,2800,,,,,,,
441,,2910,276904,797,20200421,3000,3005,2685,,,,,,,
442,,2985,1020244,3002,20200420,2880,3085,2770,,,,,,,
443,,2760,2630922,7575,20200417,2415,3090,2415,,,,,,,
444,,2415,59609,141,20200416,2365,2445,2280,,,,,,,
445,,2345,65841,155,20200414,2360,2435,2300,,,,,,,
446,,2345,89846,218,20200413,2500,2505,2345,,,,,,,
447,,2500,179634,450,20200410,2600,2600,2395,,,,,,,
448,,2520,186023,471,20200409,2445,2590,2445,,,,,,,
449,,2460,222330,541,20200408,2325,2560,2275,,,,,,,
450,,2325,208060,481,20200407,2320,2445,2210,,,,,,,
451,,2240,128342,280,20200406,2115,2245,2115,,,,,,,
452,,2120,111168,238,20200403,2150,2200,2085,,,,,,,
453,,2070,85280,175,20200402,2060,2145,1965,,,,,,,
454,,2030,220441,461,20200401,1950,2230,1900,,,,,,,
455,,1995,174679,341,20200331,1920,1995,1885,,,,,,,
456,,1875,87785,161,20200330,1735,1915,1735,,,,,,,
457,,1820,120658,223,20200327,1850,1980,1730,,,,,,,
458,,1820,167349,304,20200326,1750,1875,1720,,,,,,,
459,,1750,127978,226,20200325,1695,1815,1685,,,,,,,
460,,1650,237611,392,20200324,1565,1850,1565,,,,,,,
461,,1550,276464,396,20200323,1410,1555,1290,,,,,,,
462,,1530,366848,550,20200320,1390,1600,1390,,,,,,,
463,,1410,349043,575,20200319,1900,1955,1390,,,,,,,
464,,1890,236663,471,20200318,2020,2100,1890,,,,,,,
465,,2055,252942,508,20200317,1815,2125,1810,,,,,,,
466,,2105,338668,761,20200316,2205,2375,2105,,,,,,,
467,,2200,464063,1010,20200313,2200,2400,1970,,,,,,,
468,,2540,357222,938,20200312,2735,2830,2490,,,,,,,
469,,2880,257956,733,20200311,2985,3020,2695,,,,,,,
470,,2960,248105,732,20200310,2895,3045,2860,,,,,,,
471,,3045,266586,844,20200309,3345,3360,3030,,,,,,,
472,,3335,1741923,6052,20200306,3370,3620,3335,,,,,,,
473,,3310,591215,1971,20200305,3230,3460,3200,,,,,,,
474,,3160,165057,525,20200304,3080,3250,3080,,,,,,,
475,,3170,378987,1221,20200303,3240,3340,3105,,,,,,,
476,,3160,478824,1521,20200302,3270,3390,2985,,,,,,,
477,,3270,559920,1916,20200228,3545,3630,3255,,,,,,,
478,,3635,1524682,5547,20200227,3485,3750,3460,,,,,,,
479,,3490,875199,3090,20200226,3390,3620,3345,,,,,,,
480,,3390,297866,1024,20200225,3325,3555,3315,,,,,,,
481,,3380,1268932,4417,20200224,3280,3695,3190,,,,,,,
482,,3370,560055,1942,20200221,3530,3570,3370,,,,,,,
483,,3665,3262869,12684,20200220,3650,4090,3650,,,,,,,
484,,3685,1021360,3778,20200219,3800,3810,3560,,,,,,,
485,,3825,9981805,38504,20200218,3465,4095,3455,,,,,,,
486,,3465,888107,3076,20200217,3440,3555,3385,,,,,,,
487,,3460,4074182,14710,20200214,3280,3935,3170,,,,,,,
488,,3245,580677,1854,20200213,3250,3275,3100,,,,,,,
489,,3300,4860702,16408,20200212,3030,3580,2960,,,,,,,
490,,3000,154735,463,20200211,2920,3035,2900,,,,,,,
491,,2935,67420,196,20200210,2925,2950,2850,,,,,,,
492,,2900,47931,138,20200207,2900,2905,2855,,,,,,,
493,,2885,35457,102,20200206,2890,2925,2865,,,,,,,
494,,2875,54736,158,20200205,2895,2915,2840,,,,,,,
495,,2900,29178,84,20200204,2825,2915,2825,,,,,,,
496,,2840,103763,282,20200203,2715,2880,2580,,,,,,,
497,,2765,77065,216,20200131,2840,2915,2740,,,,,,,
498,,2850,96416,277,20200130,2840,2950,2840,,,,,,,
499,,2930,41391,121,20200129,2920,2970,2900,,,,,,,
500,,2920,195576,575,20200128,3030,3055,2850,,,,,,,
501,,3100,80533,253,20200123,3175,3220,3100,,,,,,,
502,,3200,67707,215,20200122,3185,3200,3145,,,,,,,
503,,3190,41545,133,20200121,3250,3280,3165,,,,,,,
504,,3250,74449,244,20200120,3350,3360,3210,,,,,,,
505,,3350,79977,267,20200117,3360,3390,3325,,,,,,,
506,,3330,42781,144,20200116,3325,3390,3305,,,,,,,
507,,3325,45481,151,20200115,3260,3355,3250,,,,,,,
508,,3300,65999,220,20200114,3360,3410,3280,,,,,,,
509,,3360,68282,228,20200113,3300,3410,3285,,,,,,,
510,,3320,99905,333,20200110,3240,3400,3220,,,,,,,
511,,3230,66028,213,20200109,3190,3290,3190,,,,,,,
512,,3175,189056,610,20200108,3370,3425,3130,,,,,,,
513,,3420,66189,227,20200107,3425,3475,3400,,,,,,,
514,,3425,72154,249,20200106,3565,3565,3400,,,,,,,
515,,3565,65477,233,20200103,3555,3585,3530,,,,,,,
516,,3555,56899,200,20200102,3530,3565,3470,,,,,,,
517,,3535,31737,112,20191230,3535,3575,3515,,,,,,,
518,,3535,50820,179,20191227,3480,3535,3470,4,0.00,,,,,
519,,3480,37340,130,20191226,3450,3505,3410,,,,,,,
520,,3450,136043,477,20191224,3635,3675,3445,,,,,,,
521,,3640,96572,351,20191223,3670,3735,3565,,,,,,,
522,,3690,35598,132,20191220,3710,3755,3680,,,,,,,
523,,3690,113157,421,20191219,3775,3820,3690,,,,,,,
524,,3775,79325,302,20191218,3935,3935,3760,,,,,,,
525,,3870,62432,244,20191217,3985,4000,3870,,,,,,,
526,,3945,90039,359,20191216,3940,4055,3940,,,,,,,
527,,3940,83326,328,20191213,3845,3965,3845,,,,,,,
528,,3850,68520,268,20191212,3900,3950,3800,,,,,,,
529,,3870,79881,307,20191211,3740,3900,3740,,,,,,,
530,,3760,56368,212,20191210,3810,3865,3680,,,,,,,
531,,3810,61547,235,20191209,3845,3910,3770,,,,,,,
532,,3845,79139,300,20191206,3670,3845,3670,,,,,,,
533,,3675,122780,461,20191205,3870,3960,3610,,,,,,,
534,,3870,326304,1290,20191204,3795,4090,3785,,,,,,,
535,,3795,70802,263,20191203,3605,3825,3605,,,,,,,
536,,3755,70801,265,20191202,3650,3775,3650,,,,,,,
537,,3650,104619,388,20191129,3785,3830,3615,,,,,,,
538,,3815,60557,232,20191128,3825,3885,3760,,,,,,,
539,,3855,92889,361,20191127,3810,3940,3810,,,,,,,
540,,3835,121248,466,20191126,3785,3885,3770,,,,,,,
541,,3810,240654,907,20191125,3850,3850,3720,,,,,,,
542,,3900,295028,1181,20191122,4025,4150,3900,,,,,,,
543,,4150,543420,2199,20191121,3850,4245,3800,,,,,,,
544,,3880,191486,756,20191120,3880,4035,3870,,,,,,,
545,,3920,207805,819,20191119,4000,4050,3900,,,,,,,
546,,4070,120037,490,20191118,4085,4135,4040,,,,,,,
547,,4070,310829,1274,20191115,4290,4320,3990,,,,,,,
548,,4290,128008,556,20191114,4370,4420,4230,,,,,,,
549,,4355,100409,437,20191113,4320,4385,4315,,,,,,,
550,,4345,271537,1165,20191112,4155,4365,4120,,,,,,,
551,,4155,202251,839,20191111,4175,4280,4070,,,,,,,
552,,4215,96165,406,20191108,4335,4335,4185,,,,,,,
553,,4245,135491,574,20191107,4345,4375,4160,,,,,,,
554,,4345,114513,496,20191106,4330,4375,4255,,,,,,,
555,,4295,91553,391,20191105,4250,4310,4220,,,,,,,
556,,4215,134426,571,20191104,4285,4320,4200,,,,,,,
557,,4290,86250,371,20191101,4410,4410,4285,,,,,,,
558,,4330,231638,1007,20191031,4290,4420,4250,,,,,,,
559,,4255,153601,650,20191030,4310,4315,4195,,,,,,,
560,,4295,139746,598,20191029,4225,4325,4220,,,,,,,
561,,4275,137575,585,20191028,4205,4290,4185,,,,,,,
562,,4205,305120,1302,20191025,4445,4445,4170,,,,,,,
563,,4425,251328,1095,20191024,4410,4425,4280,,,,,,,
564,,4360,346580,1524,20191023,4510,4550,4305,,,,,,,
565,,4530,272571,1234,20191022,4535,4620,4490,,,,,,,
566,,4550,356374,1649,20191021,4780,4795,4550,,,,,,,
567,,4795,686933,3304,20191018,4910,4945,4725,,,,,,,
568,,4875,2514650,12207,20191017,4600,4965,4600,,,,,,,
569,,4595,331933,1541,20191016,4665,4760,4555,,,,,,,
570,,4660,226107,1043,20191015,4570,4670,4540,,,,,,,
571,,4540,326596,1491,20191014,4470,4685,4465,,,,,,,
572,,4455,295030,1341,20191011,4670,4690,4455,,,,,,,
573,,4610,336411,1563,20191010,4710,4760,4600,,,,,,,
574,,4800,731130,3422,20191008,4540,4865,4460,,,,,,,
575,,4645,305139,1442,20191007,4650,4820,4645,,,,,,,
576,,4735,1015601,4901,20191004,4725,4930,4690,,,,,,,
577,,4675,289417,1353,20191002,4550,4780,4550,,,,,,,
578,,4620,277358,1280,20191001,4535,4690,4535,,,,,,,
579,,4630,475075,2158,20190930,4685,4745,4410,,,,,,,
580,,4750,343488,1626,20190927,4640,4820,4635,,,,,,,
581,,4705,551515,2629,20190926,4770,4930,4635,,,,,,,
582,,4810,772282,3811,20190925,4930,5100,4770,,,,,,,
583,,5000,1134398,5628,20190924,4850,5070,4800,,,,,,,
584,,4825,343774,1665,20190923,4845,4910,4785,,,,,,,
585,,4815,678122,3288,20190920,5010,5040,4785,,,,,,,
586,,4950,809512,4039,20190919,4910,5070,4905,,,,,,,
587,,4905,986873,4932,20190918,5110,5160,4840,,,,,,,
588,,5110,549873,2799,20190917,5160,5180,5030,,,,,,,
589,,5180,675382,3502,20190916,5230,5280,5080,,,,,,,
590,,5180,735117,3829,20190911,5170,5290,5150,,,,,,,
591,,5210,1147669,5994,20190910,5360,5450,5130,,,,,,,
592,,5360,1901954,11004,20190909,5980,6130,5360,,,,,,,
593,,6070,6367184,38956,20190906,5770,6450,5660,,,,,,,
594,,5760,1224509,7108,20190905,5960,5970,5710,,,,,,,
595,,5860,1905289,11411,20190904,5810,6130,5810,,,,,,,
596,,5880,1358982,7993,20190903,6010,6050,5800,,,,,,,
597,,6050,5213578,33027,20190902,6340,6570,6020,,,,,,,
598,,6130,2739455,16865,20190830,6130,6220,5970,,,,,,,
599,,6180,2777209,17245,20190829,6440,6510,6050,,,,,,,
