,종목코드,현재가,거래량,거래대금,일자,시가,고가,저가,수정주가구분,수정비율,대업종구분,소업종구분,종목정보,수정주가이벤트,전일종가
0,050110,1810,494755,887,20211223,1750,1810,1750,,,,,,,
1,,1750,270316,472,20211222,1735,1770,1725,,,,,,,
2,,1725,266236,460,20211221,1760,1770,1710,,,,,,,
3,,1760,381402,672,20211220,1790,1800,1735,,,,,,,
4,,1785,430174,767,20211217,1765,1805,1755,,,,,,,
5,,1770,215006,380,20211216,1750,1795,1750,,,,,,,
6,,1750,181998,319,20211215,1775,1785,1740,,,,,,,
7,,1775,313344,555,20211214,1770,1800,1750,,,,,,,
8,,1800,442430,791,20211213,1780,1825,1745,,,,,,,
9,,1760,328718,579,20211210,1755,1780,1730,,,,,,,
10,,1755,344767,601,20211209,1715,1775,1715,,,,,,,
11,,1730,324234,567,20211208,1755,1770,1715,,,,,,,
12,,1735,375108,644,20211207,1700,1735,1700,,,,,,,
13,,1700,175086,294,20211206,1700,1705,1610,,,,,,,
14,,1700,245911,412,20211203,1705,1705,1665,,,,,,,
15,,1695,342619,567,20211202,1585,1695,1585,,,,,,,
16,,1615,307298,487,20211201,1550,1620,1550,,,,,,,
17,,1580,537951,877,20211130,1700,1715,1565,,,,,,,
18,,1670,757475,1291,20211129,1705,1750,1670,,,,,,,
19,,1770,887741,1611,20211126,1900,1910,1760,,,,,,,
20,,1845,361753,662,20211125,1860,1860,1805,,,,,,,
21,,1860,347059,644,20211124,1890,1890,1830,,,,,,,
22,,1860,565285,1048,20211123,1790,1895,1790,,,,,,,
23,,1810,342413,619,20211122,1830,1850,1795,,,,,,,
24,,1825,507145,913,20211119,1750,1825,1750,,,,,,,
25,,1745,292909,512,20211118,1750,1780,1720,,,,,,,
26,,1760,339010,599,20211117,1795,1800,1750,,,,,,,
27,,1790,236373,426,20211116,1820,1830,1790,,,,,,,
28,,1815,316170,571,20211115,1810,1825,1795,,,,,,,
29,,1810,251001,453,20211112,1775,1835,1775,,,,,,,
30,,1770,248153,439,20211111,1790,1790,1755,,,,,,,
31,,1775,277439,493,20211110,1810,1810,1760,,,,,,,
32,,1810,190206,346,20211109,1815,1845,1805,,,,,,,
33,,1830,248071,450,20211108,1820,1835,1795,,,,,,,
34,,1830,343149,629,20211105,1855,1875,1815,,,,,,,
35,,1855,340522,638,20211104,1890,1920,1835,,,,,,,
36,,1900,224698,425,20211103,1905,1920,1875,,,,,,,
37,,1900,376674,720,20211102,1860,1940,1860,,,,,,,
38,,1865,277673,521,20211101,1880,1895,1865,,,,,,,
39,,1880,250009,472,20211029,1940,1940,1865,,,,,,,
40,,1930,282868,544,20211028,1915,1950,1900,,,,,,,
41,,1925,243864,464,20211027,1905,1925,1880,,,,,,,
42,,1910,275712,525,20211026,1920,1920,1890,,,,,,,
43,,1895,283632,534,20211025,1865,1910,1835,,,,,,,
44,,1855,212098,396,20211022,1860,1880,1855,,,,,,,
45,,1875,255634,482,20211021,1920,1920,1865,,,,,,,
46,,1910,234770,449,20211020,1920,1925,1900,,,,,,,
47,,1915,319432,609,20211019,1900,1925,1895,,,,,,,
48,,1905,317219,603,20211018,1900,1920,1875,,,,,,,
49,,1900,464467,876,20211015,1895,1925,1850,,,,,,,
50,,1880,425501,799,20211014,1855,1895,1855,,,,,,,
51,,1850,503580,924,20211013,1810,1855,1810,,,,,,,
52,,1810,348892,626,20211012,1810,1825,1765,,,,,,,
53,,1810,440178,791,20211008,1790,1825,1770,,,,,,,
54,,1780,505939,892,20211007,1720,1785,1720,,,,,,,
55,,1715,1252160,2194,20211006,1800,1860,1705,,,,,,,
56,,1805,1440211,2603,20211005,1860,1875,1770,,,,,,,
57,,1890,898629,1720,20211001,1940,1990,1885,,,,,,,
58,,1975,494884,982,20210930,1990,2015,1960,,,,,,,
59,,2015,760022,1504,20210929,1925,2020,1915,,,,,,,
60,,1960,840718,1670,20210928,2030,2045,1960,,,,,,,
61,,2045,504733,1034,20210927,2050,2085,2010,,,,,,,
62,,2040,512335,1057,20210924,2020,2110,2020,,,,,,,
63,,2010,465629,948,20210923,2060,2070,2010,,,,,,,
64,,2080,440609,912,20210917,2075,2090,2050,,,,,,,
65,,2070,460108,964,20210916,2110,2145,2070,,,,,,,
66,,2110,812381,1709,20210915,2110,2145,2080,,,,,,,
67,,2125,675297,1454,20210914,2190,2190,2125,,,,,,,
68,,2160,942982,2059,20210913,2190,2230,2155,,,,,,,
69,,2210,1099793,2392,20210910,2170,2215,2120,,,,,,,
70,,2175,1378422,3033,20210909,2230,2265,2170,,,,,,,
71,,2255,2702249,6038,20210908,2205,2280,2155,,,,,,,
72,,2230,3258299,7232,20210907,2300,2310,2160,,,,,,,
73,,2265,7580384,17521,20210906,2250,2375,2245,,,,,,,
74,,2250,35755128,84662,20210903,1995,2540,1990,,,,,,,
75,,1990,213316,424,20210902,2010,2010,1975,,,,,,,
76,,2005,293016,583,20210901,1965,2005,1965,,,,,,,
77,,1960,226996,445,20210831,1995,1995,1930,,,,,,,
78,,1990,346850,692,20210830,1995,2045,1980,,,,,,,
79,,1985,621256,1224,20210827,1935,2040,1900,,,,,,,
80,,1920,324332,628,20210826,1970,1970,1905,,,,,,,
81,,1950,234755,455,20210825,1970,1970,1905,,,,,,,
82,,1940,498613,955,20210824,1830,1945,1830,,,,,,,
83,,1825,857175,1553,20210823,1775,1885,1735,,,,,,,
84,,1770,1033320,1862,20210820,1865,1890,1740,,,,,,,
85,,1860,705080,1335,20210819,1945,1965,1835,,,,,,,
86,,1950,480017,924,20210818,1850,1955,1850,,,,,,,
87,,1915,897911,1747,20210817,1990,2020,1910,,,,,,,
88,,2025,607730,1225,20210813,2075,2080,1990,,,,,,,
89,,2060,310019,643,20210812,2100,2100,2055,,,,,,,
90,,2090,258783,541,20210811,2085,2115,2080,,,,,,,
91,,2115,582952,1231,20210810,2130,2180,2085,,,,,,,
92,,2140,212839,455,20210809,2150,2155,2125,,,,,,,
93,,2155,208422,447,20210806,2155,2170,2135,,,,,,,
94,,2165,415419,892,20210805,2110,2170,2110,,,,,,,
95,,2120,249710,527,20210804,2125,2125,2095,,,,,,,
96,,2100,357915,747,20210803,2100,2120,2065,,,,,,,
97,,2095,285661,599,20210802,2125,2125,2085,,,,,,,
98,,2120,431370,909,20210730,2155,2155,2080,,,,,,,
99,,2145,278919,598,20210729,2140,2160,2130,,,,,,,
100,,2140,457187,984,20210728,2155,2180,2130,,,,,,,
101,,2175,268256,583,20210727,2160,2190,2160,,,,,,,
102,,2170,331176,722,20210726,2200,2210,2170,,,,,,,
103,,2200,468587,1030,20210723,2205,2230,2185,,,,,,,
104,,2210,322803,714,20210722,2215,2230,2175,,,,,,,
105,,2215,358866,799,20210721,2250,2260,2205,,,,,,,
106,,2235,475912,1062,20210720,2210,2250,2210,,,,,,,
107,,2260,526779,1185,20210719,2280,2280,2225,,,,,,,
108,,2280,499287,1131,20210716,2270,2290,2245,,,,,,,
109,,2280,505353,1156,20210715,2285,2315,2275,,,,,,,
110,,2285,541629,1240,20210714,2330,2335,2275,,,,,,,
111,,2330,1885235,4360,20210713,2220,2350,2220,,,,,,,
112,,2215,476730,1050,20210712,2175,2215,2175,,,,,,,
113,,2175,1045471,2260,20210709,2195,2200,2100,,,,,,,
114,,2210,898617,1996,20210708,2265,2275,2195,,,,,,,
115,,2275,487447,1110,20210707,2305,2310,2265,,,,,,,
116,,2300,432497,994,20210706,2285,2315,2280,,,,,,,
117,,2305,429985,993,20210705,2330,2330,2285,,,,,,,
118,,2335,533721,1234,20210702,2335,2335,2295,,,,,,,
119,,2325,1186823,2768,20210701,2295,2355,2290,,,,,,,
120,,2290,368195,840,20210630,2275,2290,2270,,,,,,,
121,,2275,562470,1281,20210629,2310,2315,2255,,,,,,,
122,,2300,918668,2079,20210628,2205,2300,2205,,,,,,,
123,,2205,367157,814,20210625,2200,2240,2195,,,,,,,
124,,2205,405610,892,20210624,2230,2260,2190,,,,,,,
125,,2230,529945,1177,20210623,2245,2255,2210,,,,,,,
126,,2245,384022,861,20210622,2230,2270,2230,,,,,,,
127,,2230,972052,2193,20210621,2215,2310,2200,,,,,,,
128,,2215,553787,1223,20210618,2180,2240,2180,,,,,,,
129,,2185,532842,1163,20210617,2200,2200,2170,,,,,,,
130,,2200,343889,757,20210616,2225,2225,2190,,,,,,,
131,,2215,379159,837,20210615,2200,2225,2195,,,,,,,
132,,2205,602618,1326,20210614,2230,2240,2175,,,,,,,
133,,2240,519193,1167,20210611,2250,2280,2225,,,,,,,
134,,2270,357620,811,20210610,2255,2295,2235,,,,,,,
135,,2255,476148,1079,20210609,2280,2295,2235,,,,,,,
136,,2285,375811,857,20210608,2295,2300,2270,,,,,,,
137,,2305,420758,967,20210607,2330,2340,2280,,,,,,,
138,,2320,380445,875,20210604,2315,2325,2285,,,,,,,
139,,2320,821090,1903,20210603,2270,2345,2265,,,,,,,
140,,2265,518373,1175,20210602,2300,2300,2245,,,,,,,
141,,2295,361179,827,20210601,2285,2310,2270,,,,,,,
142,,2285,644596,1471,20210531,2285,2315,2250,,,,,,,
143,,2285,1566586,3595,20210528,2235,2360,2235,,,,,,,
144,,2215,572758,1271,20210527,2250,2255,2185,,,,,,,
145,,2235,1086773,2401,20210526,2130,2260,2130,,,,,,,
146,,2120,1508541,3170,20210525,2055,2145,2050,,,,,,,
147,,2050,1697128,3555,20210524,2195,2205,2035,,,,,,,
148,,2210,547024,1217,20210521,2215,2255,2205,,,,,,,
149,,2210,493255,1084,20210520,2175,2220,2160,,,,,,,
150,,2195,950980,2072,20210518,2210,2215,2145,,,,,,,
151,,2210,3165934,7170,20210517,2395,2405,2190,,,,,,,
152,,2415,345644,833,20210514,2415,2430,2395,,,,,,,
153,,2410,525889,1269,20210513,2400,2445,2395,,,,,,,
154,,2440,841995,2059,20210512,2490,2495,2415,,,,,,,
155,,2480,481131,1200,20210511,2525,2535,2480,,,,,,,
156,,2535,406189,1030,20210510,2515,2555,2505,,,,,,,
157,,2515,286223,717,20210507,2490,2535,2480,,,,,,,
158,,2490,263923,658,20210506,2470,2515,2465,,,,,,,
159,,2490,929471,2285,20210504,2505,2520,2405,,,,,,,
160,,2520,414449,1048,20210503,2500,2560,2500,,,,,,,
161,,2500,514302,1290,20210430,2510,2540,2490,,,,,,,
162,,2520,575040,1452,20210429,2550,2555,2500,,,,,,,
163,,2550,814630,2087,20210428,2600,2610,2540,,,,,,,
164,,2600,699183,1819,20210427,2615,2625,2590,,,,,,,
165,,2615,733358,1919,20210426,2630,2655,2605,,,,,,,
166,,2630,567199,1495,20210423,2650,2655,2620,,,,,,,
167,,2650,731217,1941,20210422,2635,2690,2635,,,,,,,
168,,2640,1001474,2651,20210421,2705,2710,2625,,,,,,,
169,,2690,906891,2426,20210420,2635,2695,2635,,,,,,,
170,,2650,706727,1873,20210419,2645,2670,2635,,,,,,,
171,,2645,1348724,3585,20210416,2700,2705,2640,,,,,,,
172,,2695,529282,1434,20210415,2710,2730,2695,,,,,,,
173,,2710,1050191,2846,20210414,2690,2735,2670,,,,,,,
174,,2690,881839,2369,20210413,2685,2710,2650,,,,,,,
175,,2685,874877,2323,20210412,2615,2685,2610,,,,,,,
176,,2615,1593430,4231,20210409,2660,2690,2615,,,,,,,
177,,2655,689274,1808,20210408,2605,2660,2585,,,,,,,
178,,2605,577194,1495,20210407,2600,2605,2580,,,,,,,
179,,2595,540649,1404,20210406,2620,2635,2585,,,,,,,
180,,2610,541276,1414,20210405,2630,2640,2595,,,,,,,
181,,2640,608373,1613,20210402,2650,2670,2630,,,,,,,
182,,2625,467690,1233,20210401,2680,2680,2620,,,,,,,
183,,2660,737177,1931,20210331,2610,2665,2585,,,,,,,
184,,2605,436838,1132,20210330,2580,2610,2565,,,,,,,
185,,2580,731793,1890,20210329,2615,2625,2565,,,,,,,
186,,2610,336347,876,20210326,2625,2640,2590,,,,,,,
187,,2615,528537,1377,20210325,2585,2630,2585,,,,,,,
188,,2610,420427,1095,20210324,2595,2635,2575,,,,,,,
189,,2620,538091,1417,20210323,2640,2665,2605,,,,,,,
190,,2640,538832,1431,20210322,2675,2690,2640,,,,,,,
191,,2675,776910,2069,20210319,2650,2685,2645,,,,,,,
192,,2690,876197,2380,20210318,2720,2750,2690,,,,,,,
193,,2725,552664,1504,20210317,2780,2780,2705,,,,,,,
194,,2755,1517877,4192,20210316,2700,2815,2695,,,,,,,
195,,2700,465855,1256,20210315,2680,2715,2655,,,,,,,
196,,2680,876314,2331,20210312,2595,2700,2595,,,,,,,
197,,2580,581135,1491,20210311,2535,2590,2535,,,,,,,
198,,2560,886094,2309,20210310,2605,2700,2560,,,,,,,
199,,2580,1048723,2683,20210309,2610,2640,2465,,,,,,,
200,,2640,621725,1660,20210308,2710,2715,2640,,,,,,,
201,,2665,759540,2025,20210305,2695,2710,2640,,,,,,,
202,,2710,692444,1872,20210304,2700,2730,2680,,,,,,,
203,,2735,776732,2116,20210303,2680,2740,2680,,,,,,,
204,,2700,858256,2343,20210302,2745,2765,2690,,,,,,,
205,,2700,1449429,3903,20210226,2715,2740,2650,,,,,,,
206,,2785,835321,2329,20210225,2800,2805,2770,,,,,,,
207,,2745,1756994,4977,20210224,2920,2940,2745,,,,,,,
208,,2920,1848712,5423,20210223,2920,2975,2905,,,,,,,
209,,2915,1529402,4506,20210222,2965,2990,2910,,,,,,,
210,,2960,1917723,5702,20210219,3040,3045,2935,,,,,,,
211,,3035,5099243,15514,20210218,2995,3120,2975,,,,,,,
212,,2990,2313905,6921,20210217,2965,3035,2945,,,,,,,
213,,2960,1412391,4194,20210216,2960,3005,2930,,,,,,,
214,,2960,1340261,3931,20210215,2940,2970,2910,,,,,,,
215,,2930,2674824,7917,20210210,2935,3015,2915,,,,,,,
216,,2915,975218,2848,20210209,2930,2950,2905,,,,,,,
217,,2915,1264158,3684,20210208,2950,2960,2895,,,,,,,
218,,2950,1578420,4721,20210205,2985,3030,2950,,,,,,,
219,,2970,1758786,5237,20210204,3030,3035,2935,,,,,,,
220,,3020,4941928,14951,20210203,2960,3100,2950,,,,,,,
221,,2940,2420551,7166,20210202,2935,3025,2905,,,,,,,
222,,2935,1305915,3802,20210201,2900,2945,2815,,,,,,,
223,,2930,2481991,7370,20210129,3090,3115,2865,,,,,,,
224,,3060,2260396,6964,20210128,3060,3135,3020,,,,,,,
225,,3130,2378712,7520,20210127,3180,3210,3130,,,,,,,
226,,3180,3502552,11015,20210126,3120,3190,3085,,,,,,,
227,,3105,2000121,6239,20210125,3110,3160,3080,,,,,,,
228,,3100,2953259,9233,20210122,3160,3210,3080,,,,,,,
229,,3150,6212293,19921,20210121,3220,3275,3145,,,,,,,
230,,3180,23054741,73874,20210120,3080,3325,3055,,,,,,,
231,,3060,2817617,8490,20210119,3060,3100,2970,,,,,,,
232,,3065,4100846,12617,20210118,3110,3135,3010,,,,,,,
233,,3105,8336393,26043,20210115,3105,3170,3060,,,,,,,
234,,3060,6715216,20747,20210114,3120,3145,3020,,,,,,,
235,,3050,11527472,34796,20210113,2925,3070,2910,,,,,,,
236,,2895,2291534,6600,20210112,2870,2930,2820,,,,,,,
237,,2880,4544376,13232,20210111,2940,3015,2825,,,,,,,
238,,2910,5846938,17091,20210108,2895,2985,2860,,,,,,,
239,,2855,2147342,6162,20210107,2850,2910,2835,,,,,,,
240,,2840,3459250,9915,20210106,2840,2915,2810,,,,,,,
241,,2830,1472200,4179,20210105,2850,2870,2810,,,,,,,
242,,2870,1965701,5582,20210104,2825,2870,2800,,,,,,,
243,,2795,1127349,3162,20201230,2785,2825,2780,,,,,,,
244,,2780,717545,1977,20201229,2730,2780,2730,4,0.00,,,,,
245,,2725,1422438,3928,20201228,2780,2815,2725,,,,,,,
246,,2800,1212204,3411,20201224,2840,2870,2785,,,,,,,
247,,2835,5293789,15073,20201223,2730,2895,2730,,,,,,,
248,,2740,2381481,6610,20201222,2745,2850,2705,,,,,,,
249,,2760,1015963,2797,20201221,2800,2800,2730,,,,,,,
250,,2795,853018,2383,20201218,2830,2830,2780,,,,,,,
251,,2810,3290120,9278,20201217,2760,2855,2745,,,,,,,
252,,2740,1314403,3587,20201216,2705,2765,2700,,,,,,,
253,,2700,1086086,2928,20201215,2720,2740,2680,,,,,,,
254,,2730,975703,2667,20201214,2770,2770,2720,,,,,,,
255,,2770,841215,2319,20201211,2740,2790,2730,,,,,,,
256,,2740,886957,2433,20201210,2765,2765,2730,,,,,,,
257,,2765,770095,2133,20201209,2790,2795,2760,,,,,,,
258,,2775,738193,2047,20201208,2755,2805,2755,,,,,,,
259,,2765,1071086,2976,20201207,2820,2825,2760,,,,,,,
260,,2815,1297587,3680,20201204,2835,2865,2810,,,,,,,
261,,2830,1014877,2862,20201203,2845,2860,2800,,,,,,,
262,,2835,759689,2158,20201202,2845,2865,2825,,,,,,,
263,,2845,852027,2417,20201201,2820,2855,2820,,,,,,,
264,,2825,1062356,3020,20201130,2875,2885,2825,,,,,,,
265,,2860,810546,2318,20201127,2855,2875,2840,,,,,,,
266,,2845,894892,2556,20201126,2880,2890,2835,,,,,,,
267,,2880,1897094,5539,20201125,2970,2980,2830,,,,,,,
268,,2950,2540957,7450,20201124,2895,2980,2865,,,,,,,
269,,2875,988242,2836,20201123,2865,2890,2850,,,,,,,
270,,2865,1203817,3434,20201120,2825,2880,2825,,,,,,,
271,,2855,1161792,3313,20201119,2835,2885,2830,,,,,,,
272,,2865,841089,2417,20201118,2890,2905,2850,,,,,,,
273,,2865,866882,2489,20201117,2920,2925,2845,,,,,,,
274,,2905,1693265,4905,20201116,2865,2940,2855,,,,,,,
275,,2850,1013597,2902,20201113,2875,2905,2840,,,,,,,
276,,2875,838648,2415,20201112,2900,2905,2860,,,,,,,
277,,2895,1193660,3419,20201111,2860,2895,2830,,,,,,,
278,,2865,1422074,4039,20201110,2830,2880,2805,,,,,,,
279,,2830,1108783,3149,20201109,2880,2880,2820,,,,,,,
280,,2820,685900,1942,20201106,2880,2885,2800,,,,,,,
281,,2855,637302,1812,20201105,2840,2860,2820,,,,,,,
282,,2810,781239,2186,20201104,2810,2835,2770,,,,,,,
283,,2785,798796,2230,20201103,2745,2825,2745,,,,,,,
284,,2740,590376,1616,20201102,2720,2760,2705,,,,,,,
285,,2720,974644,2701,20201030,2815,2840,2710,,,,,,,
286,,2830,1301956,3637,20201029,2780,2830,2750,,,,,,,
287,,2865,1152200,3290,20201028,2805,2890,2805,,,,,,,
288,,2820,1898652,5400,20201027,2860,2895,2790,,,,,,,
289,,2865,1835970,5402,20201026,2965,2990,2835,,,,,,,
290,,2940,890414,2626,20201023,2970,2990,2930,,,,,,,
291,,2955,1271512,3779,20201022,2940,3015,2930,,,,,,,
292,,2965,834596,2482,20201021,3000,3005,2945,,,,,,,
293,,2980,1685892,4985,20201020,2900,3005,2900,,,,,,,
294,,2945,1175323,3492,20201019,2975,3020,2935,,,,,,,
295,,2995,1883052,5699,20201016,3070,3110,2960,,,,,,,
296,,3075,3356894,10440,20201015,3160,3200,3050,,,,,,,
297,,3140,3552305,11242,20201014,3170,3215,3125,,,,,,,
298,,3150,8948474,28380,20201013,3120,3225,3115,,,,,,,
299,,3080,1736944,5353,20201012,3105,3120,3055,,,,,,,
300,,3095,2003976,6243,20201008,3145,3160,3085,,,,,,,
301,,3095,2123620,6556,20201007,3070,3140,3055,,,,,,,
302,,3070,9320509,29451,20201006,3110,3245,3050,,,,,,,
303,,3055,1577373,4748,20201005,3010,3055,2950,,,,,,,
304,,3005,1444968,4353,20200929,3025,3050,2990,,,,,,,
305,,2975,1293025,3828,20200928,2935,2990,2935,,,,,,,
306,,2915,1945233,5645,20200925,2935,2960,2850,,,,,,,
307,,2910,3144776,9341,20200924,3010,3060,2905,,,,,,,
308,,3080,12749929,39203,20200923,2990,3195,2905,,,,,,,
309,,2915,5769386,17200,20200922,3010,3030,2890,,,,,,,
310,,2985,2429796,7340,20200921,3080,3110,2965,,,,,,,
311,,3060,1767075,5421,20200918,3090,3115,3035,,,,,,,
312,,3055,2503928,7736,20200917,3095,3150,3040,,,,,,,
313,,3080,2314409,7169,20200916,3130,3160,3025,,,,,,,
314,,3120,6306693,20195,20200915,3190,3280,3110,,,,,,,
315,,3150,5600726,17546,20200914,3130,3190,3075,,,,,,,
316,,3040,2210045,6743,20200911,3050,3105,3015,,,,,,,
317,,3050,5515055,16987,20200910,3040,3130,3020,,,,,,,
318,,2985,2267635,6815,20200909,2990,3050,2940,,,,,,,
319,,3020,3714351,11217,20200908,3005,3050,2975,,,,,,,
320,,2965,2706114,8058,20200907,2925,3030,2895,,,,,,,
321,,2925,3143033,9115,20200904,2850,2955,2810,,,,,,,
322,,3000,2072413,6203,20200903,3005,3035,2965,,,,,,,
323,,3010,19931785,61487,20200902,2870,3280,2845,,,,,,,
324,,2845,1201866,3406,20200901,2805,2875,2795,,,,,,,
325,,2815,981461,2761,20200831,2820,2840,2780,,,,,,,
326,,2790,1588182,4462,20200828,2770,2845,2745,,,,,,,
327,,2745,1482609,4097,20200827,2835,2850,2725,,,,,,,
328,,2830,1046095,2962,20200826,2895,2900,2795,,,,,,,
329,,2865,1430450,4066,20200825,2815,2865,2800,,,,,,,
330,,2760,1374637,3715,20200824,2670,2760,2600,,,,,,,
331,,2700,1642024,4451,20200821,2720,2770,2655,,,,,,,
332,,2705,3388446,9288,20200820,2900,2910,2660,,,,,,,
333,,2895,1720383,4981,20200819,2915,2955,2855,,,,,,,
334,,2860,4294966,12720,20200818,3060,3060,2845,,,,,,,
335,,3115,2822972,8844,20200814,3225,3230,3090,,,,,,,
336,,3200,2456987,7837,20200813,3160,3235,3145,,,,,,,
337,,3120,2826262,8858,20200812,3225,3235,3080,,,,,,,
338,,3225,2565845,8327,20200811,3250,3295,3220,,,,,,,
339,,3245,2778068,9054,20200810,3330,3330,3230,,,,,,,
340,,3235,4729627,15537,20200807,3295,3360,3230,,,,,,,
341,,3240,12646099,41646,20200806,3215,3385,3195,,,,,,,
342,,3185,3381764,10877,20200805,3275,3275,3175,,,,,,,
343,,3235,4600718,14894,20200804,3180,3290,3180,,,,,,,
344,,3170,3640570,11493,20200803,3215,3215,3095,,,,,,,
345,,3215,3869493,12543,20200731,3290,3295,3170,,,,,,,
346,,3295,10901109,36317,20200730,3375,3430,3240,,,,,,,
347,,3350,20846495,68244,20200729,3185,3375,3160,,,,,,,
348,,3120,7339341,23190,20200728,3110,3215,3085,,,,,,,
349,,3075,2794061,8597,20200727,3045,3125,3030,,,,,,,
350,,3060,3933109,12052,20200724,3065,3135,3000,,,,,,,
351,,3080,4036517,12601,20200723,3130,3175,3080,,,,,,,
352,,3130,11915063,37200,20200722,3045,3245,3000,,,,,,,
353,,3040,4072449,12505,20200721,3110,3115,3035,,,,,,,
354,,3055,5196816,15882,20200720,3025,3100,2990,,,,,,,
355,,2985,2619159,7854,20200717,3020,3045,2970,,,,,,,
356,,2985,4313205,12952,20200716,2980,3050,2955,,,,,,,
357,,3005,7316479,22420,20200715,3100,3145,3000,,,,,,,
358,,3020,6033610,18022,20200714,3000,3025,2930,,,,,,,
359,,2980,11359355,33362,20200713,2830,2990,2800,,,,,,,
360,,2780,1507060,4206,20200710,2845,2850,2770,,,,,,,
361,,2845,1634490,4636,20200709,2830,2865,2800,,,,,,,
362,,2830,5256383,14988,20200708,2810,2910,2765,,,,,,,
363,,2780,1376448,3842,20200707,2825,2850,2755,,,,,,,
364,,2800,1836191,5192,20200706,2855,2865,2800,,,,,,,
365,,2795,4107600,11485,20200703,2710,2840,2700,,,,,,,
366,,2700,1068831,2864,20200702,2640,2700,2640,,,,,,,
367,,2610,1168920,3103,20200701,2705,2715,2600,,,,,,,
368,,2655,1120142,2975,20200630,2620,2695,2610,,,,,,,
369,,2595,953440,2490,20200629,2625,2655,2585,,,,,,,
370,,2675,904410,2411,20200626,2685,2700,2630,,,,,,,
371,,2650,899837,2396,20200625,2655,2710,2635,,,,,,,
372,,2725,1445691,3907,20200624,2695,2730,2670,,,,,,,
373,,2670,1452255,3877,20200623,2645,2720,2615,,,,,,,
374,,2615,1016140,2679,20200622,2610,2665,2600,,,,,,,
375,,2620,887589,2316,20200619,2630,2650,2585,,,,,,,
376,,2600,997648,2592,20200618,2630,2630,2580,,,,,,,
377,,2630,2141363,5663,20200617,2585,2710,2555,,,,,,,
378,,2620,1736106,4499,20200616,2560,2635,2560,,,,,,,
379,,2500,3121510,8151,20200615,2740,2750,2485,,,,,,,
380,,2730,2800167,7502,20200612,2605,2730,2600,,,,,,,
381,,2805,2717315,7735,20200611,2920,2925,2800,,,,,,,
382,,2905,2421706,7080,20200610,2975,2980,2890,,,,,,,
383,,2980,1822673,5444,20200609,3005,3025,2955,,,,,,,
384,,2980,2220894,6643,20200608,3015,3030,2970,,,,,,,
385,,3005,1650534,4970,20200605,3050,3055,2995,,,,,,,
386,,3045,3730384,11363,20200604,3000,3090,2995,,,,,,,
387,,2975,2016196,6024,20200603,3040,3040,2965,,,,,,,
388,,3010,1537746,4631,20200602,3025,3065,2980,,,,,,,
389,,3015,1850487,5574,20200601,2965,3055,2960,,,,,,,
390,,2965,1885234,5546,20200529,2920,2990,2890,,,,,,,
391,,2965,4266982,12998,20200528,3100,3165,2900,,,,,,,
392,,3080,2771663,8562,20200527,3160,3160,3050,,,,,,,
393,,3135,9047065,28571,20200526,3100,3210,3075,,,,,,,
394,,3060,5239658,15857,20200525,3005,3075,2980,,,,,,,
395,,2950,3602473,10714,20200522,3040,3050,2920,,,,,,,
396,,3025,5603574,17128,20200521,3110,3135,3005,,,,,,,
397,,3050,10665773,31930,20200520,2890,3050,2875,,,,,,,
398,,2875,4535196,13204,20200519,2940,2955,2870,,,,,,,
399,,2825,3019753,8572,20200518,2870,2940,2760,,,,,,,
400,,2855,2289769,6527,20200515,2840,2885,2810,,,,,,,
401,,2815,2065529,5865,20200514,2855,2900,2800,,,,,,,
402,,2895,3230950,9305,20200513,2875,2905,2850,,,,,,,
403,,2875,3024199,8704,20200512,2930,2985,2820,,,,,,,
404,,2915,4980111,14810,20200511,2920,3035,2880,,,,,,,
405,,2940,3173209,9336,20200508,2950,2970,2915,,,,,,,
406,,2945,8521380,25026,20200507,2845,2995,2820,,,,,,,
407,,2845,3819544,10807,20200506,2855,2880,2770,,,,,,,
408,,2840,9801788,27630,20200504,2650,2890,2625,,,,,,,
409,,2690,1345889,3621,20200429,2690,2715,2670,,,,,,,
410,,2690,1949946,5273,20200428,2750,2750,2650,,,,,,,
411,,2685,2030661,5419,20200427,2670,2700,2630,,,,,,,
412,,2620,1603927,4237,20200424,2670,2695,2585,,,,,,,
413,,2695,1773543,4804,20200423,2750,2750,2690,,,,,,,
414,,2700,1924996,5132,20200422,2680,2710,2605,,,,,,,
415,,2720,4767398,12842,20200421,2660,2785,2530,,,,,,,
416,,2705,2258569,6152,20200420,2755,2760,2690,,,,,,,
417,,2725,6100414,16832,20200417,2715,2835,2695,,,,,,,
418,,2695,4546824,11983,20200416,2535,2725,2490,,,,,,,
419,,2545,1681911,4270,20200414,2505,2570,2505,,,,,,,
420,,2475,2913109,7410,20200413,2635,2640,2470,,,,,,,
421,,2635,3249715,8634,20200410,2740,2745,2530,,,,,,,
422,,2715,3639462,9870,20200409,2795,2795,2665,,,,,,,
423,,2710,5392389,14821,20200408,2780,2845,2625,,,,,,,
424,,2755,11719257,32347,20200407,2660,2875,2605,,,,,,,
425,,2545,5256439,13273,20200406,2540,2575,2480,,,,,,,
426,,2500,13418250,33241,20200403,2350,2660,2310,,,,,,,
427,,2285,4785309,10739,20200402,2200,2295,2150,,,,,,,
428,,2170,5362247,12106,20200401,2180,2345,2155,,,,,,,
429,,2180,3884114,8515,20200331,2190,2240,2140,,,,,,,
430,,2130,3194653,6624,20200330,2055,2150,2000,,,,,,,
431,,2120,3528960,7629,20200327,2240,2240,2020,,,,,,,
432,,2115,5093041,11006,20200326,2120,2220,2060,,,,,,,
433,,2075,4815517,10010,20200325,2100,2150,2010,,,,,,,
434,,1995,5095936,9967,20200324,1880,2035,1850,,,,,,,
435,,1805,3596949,6410,20200323,1750,1850,1725,,,,,,,
436,,1920,6629925,12168,20200320,1795,1940,1720,,,,,,,
437,,1750,5409207,10216,20200319,2110,2140,1680,,,,,,,
438,,2030,4548661,10105,20200318,2290,2325,2030,,,,,,,
439,,2265,3693432,8234,20200317,2055,2345,2055,,,,,,,
440,,2255,3518701,8662,20200316,2565,2610,2255,,,,,,,
441,,2515,5225706,12675,20200313,2425,2620,2205,,,,,,,
442,,2685,4302639,11776,20200312,2830,2915,2600,,,,,,,
443,,2905,3088685,9176,20200311,3110,3115,2840,,,,,,,
444,,3125,4189176,12640,20200310,2910,3145,2905,,,,,,,
445,,2995,2684393,8161,20200309,3135,3150,2975,,,,,,,
446,,3240,1759873,5691,20200306,3270,3290,3185,,,,,,,
447,,3330,2396328,7912,20200305,3310,3350,3265,,,,,,,
448,,3240,2070847,6644,20200304,3110,3255,3090,,,,,,,
449,,3160,2912789,9458,20200303,3340,3365,3160,,,,,,,
450,,3195,3336080,10611,20200302,3195,3245,3040,,,,,,,
451,,3150,4288532,13776,20200228,3205,3315,3105,,,,,,,
452,,3350,3759555,13047,20200227,3605,3650,3335,,,,,,,
453,,3635,2525670,9049,20200226,3540,3660,3510,,,,,,,
454,,3650,3587667,12808,20200225,3480,3680,3410,,,,,,,
455,,3515,4356405,15333,20200224,3450,3595,3440,,,,,,,
456,,3660,4980594,18398,20200221,3715,3785,3600,,,,,,,
457,,3815,16267595,61961,20200220,3705,3885,3700,,,,,,,
458,,3625,4631007,16438,20200219,3530,3630,3420,,,,,,,
459,,3480,5016569,17729,20200218,3670,3670,3465,,,,,,,
460,,3675,6224068,23039,20200217,3655,3745,3630,,,,,,,
461,,3590,10804939,39018,20200214,3480,3725,3465,,,,,,,
462,,3425,6935091,23330,20200213,3330,3470,3220,,,,,,,
463,,3310,3412882,11074,20200212,3210,3310,3170,,,,,,,
464,,3185,1917749,6056,20200211,3160,3210,3115,,,,,,,
465,,3140,1707327,5364,20200210,3210,3210,3110,,,,,,,
466,,3205,1948156,6242,20200207,3210,3265,3155,,,,,,,
467,,3190,1901904,6075,20200206,3230,3245,3160,,,,,,,
468,,3170,2108935,6718,20200205,3255,3260,3145,,,,,,,
469,,3230,2419506,7816,20200204,3270,3310,3175,,,,,,,
470,,3205,3832882,11987,20200203,3050,3265,2980,,,,,,,
471,,3180,2831474,9217,20200131,3300,3390,3165,,,,,,,
472,,3310,3290069,11140,20200130,3495,3555,3265,,,,,,,
473,,3500,3176638,11122,20200129,3450,3560,3430,,,,,,,
474,,3370,2751911,9248,20200128,3300,3455,3275,,,,,,,
475,,3510,1262812,4409,20200123,3535,3540,3450,,,,,,,
476,,3530,1432290,5042,20200122,3455,3560,3455,,,,,,,
477,,3510,1603078,5662,20200121,3585,3590,3475,,,,,,,
478,,3565,3737614,13157,20200120,3455,3600,3375,,,,,,,
479,,3455,4617707,16373,20200117,3695,3705,3430,,,,,,,
480,,3650,3055814,10996,20200116,3630,3685,3530,,,,,,,
481,,3635,1993839,7279,20200115,3655,3710,3615,,,,,,,
482,,3645,6139330,22847,20200114,3655,3840,3600,,,,,,,
483,,3645,4090623,14930,20200113,3610,3725,3580,,,,,,,
484,,3655,7778166,29210,20200110,3855,3930,3610,,,,,,,
485,,3835,14604274,54767,20200109,3585,4040,3540,,,,,,,
486,,3490,13798741,47507,20200108,3310,3620,3235,,,,,,,
487,,3360,3971751,13350,20200107,3415,3440,3290,,,,,,,
488,,3350,4894224,16166,20200106,3230,3390,3190,,,,,,,
489,,3270,5644611,18326,20200103,3160,3330,3120,,,,,,,
490,,3145,4114459,13001,20200102,3135,3220,3050,,,,,,,
491,,3100,3909926,11916,20191230,2960,3125,2925,,,,,,,
492,,2955,2205953,6500,20191227,2955,2990,2890,4,0.00,,,,,
493,,2950,2941987,8600,20191226,2825,2960,2825,,,,,,,
494,,2825,978158,2781,20191224,2875,2895,2820,,,,,,,
495,,2865,1417556,4068,20191223,2910,2920,2815,,,,,,,
496,,2880,1534821,4330,20191220,2785,2880,2760,,,,,,,
497,,2780,1007713,2800,20191219,2765,2825,2750,,,,,,,
498,,2780,1267695,3560,20191218,2880,2890,2770,,,,,,,
499,,2855,1362088,3878,20191217,2865,2875,2825,,,,,,,
500,,2865,3551925,10144,20191216,2795,2900,2795,,,,,,,
501,,2765,1510930,4182,20191213,2805,2805,2745,,,,,,,
502,,2750,5439124,15242,20191212,2745,2880,2720,,,,,,,
503,,2705,2804194,7492,20191211,2570,2705,2570,,,,,,,
504,,2570,551608,1419,20191210,2590,2610,2550,,,,,,,
505,,2585,606605,1565,20191209,2610,2625,2555,,,,,,,
506,,2610,1019474,2651,20191206,2585,2630,2575,,,,,,,
507,,2585,975699,2534,20191205,2635,2665,2530,,,,,,,
508,,2625,1072350,2829,20191204,2685,2695,2605,,,,,,,
509,,2705,1732675,4662,20191203,2680,2725,2650,,,,,,,
510,,2680,1807405,4797,20191202,2580,2695,2570,,,,,,,
511,,2575,745802,1929,20191129,2640,2640,2565,,,,,,,
512,,2635,1084440,2848,20191128,2580,2655,2570,,,,,,,
513,,2585,835406,2176,20191127,2650,2650,2575,,,,,,,
514,,2595,933079,2431,20191126,2650,2655,2565,,,,,,,
515,,2635,1375842,3583,20191125,2515,2640,2515,,,,,,,
516,,2505,718475,1803,20191122,2510,2550,2485,,,,,,,
517,,2500,1322157,3338,20191121,2545,2610,2490,,,,,,,
518,,2550,1633694,4265,20191120,2685,2695,2550,,,,,,,
519,,2695,1575353,4261,20191119,2755,2760,2660,,,,,,,
520,,2770,5692507,15619,20191118,2660,2815,2635,,,,,,,
521,,2605,1298390,3364,20191115,2540,2625,2520,,,,,,,
522,,2540,2522261,6483,20191114,2600,2680,2495,,,,,,,
523,,2600,1615597,4182,20191113,2600,2635,2550,,,,,,,
524,,2580,2031539,5225,20191112,2640,2650,2525,,,,,,,
525,,2640,2055362,5417,20191111,2715,2730,2575,,,,,,,
526,,2675,2265868,6181,20191108,2810,2840,2670,,,,,,,
527,,2790,2181135,6168,20191107,2910,2945,2780,,,,,,,
528,,2910,1703346,4987,20191106,2900,2975,2900,,,,,,,
529,,2905,1637068,4792,20191105,2960,2975,2895,,,,,,,
530,,2980,2838284,8358,20191104,2990,3015,2890,,,,,,,
531,,2980,4526670,13561,20191101,3050,3070,2940,,,,,,,
532,,3140,20503793,62499,20191031,2755,3175,2740,,,,,,,
533,,2745,5336640,15166,20191030,2855,2965,2745,,,,,,,
534,,2750,1824086,4983,20191029,2710,2790,2645,,,,,,,
535,,2695,1397091,3668,20191028,2580,2695,2510,,,,,,,
536,,2595,942122,2459,20191025,2650,2675,2575,,,,,,,
537,,2640,925707,2417,20191024,2615,2645,2560,,,,,,,
538,,2600,1094675,2852,20191023,2665,2665,2575,,,,,,,
539,,2650,972688,2570,20191022,2645,2675,2615,,,,,,,
540,,2605,2037947,5344,20191021,2700,2715,2595,,,,,,,
541,,2700,1232114,3339,20191018,2740,2755,2685,,,,,,,
542,,2690,2566023,7011,20191017,2825,2825,2660,,,,,,,
543,,2845,1869995,5390,20191016,2875,2945,2840,,,,,,,
544,,2840,1010124,2858,20191015,2830,2855,2810,,,,,,,
545,,2820,1340599,3793,20191014,2860,2895,2805,,,,,,,
546,,2805,2276509,6535,20191011,2810,2930,2785,,,,,,,
547,,2790,770505,2147,20191010,2795,2820,2760,,,,,,,
548,,2795,1271084,3537,20191008,2820,2825,2750,,,,,,,
549,,2835,2469236,6973,20191007,2750,2880,2745,,,,,,,
550,,2715,987436,2688,20191004,2730,2760,2695,,,,,,,
551,,2730,1316889,3601,20191002,2765,2780,2690,,,,,,,
552,,2795,1658011,4641,20191001,2830,2845,2770,,,,,,,
553,,2850,3932149,11309,20190930,2790,2955,2785,,,,,,,
554,,2780,2398668,6658,20190927,2685,2805,2685,,,,,,,
555,,2685,1910014,5236,20190926,2780,2830,2640,,,,,,,
556,,2735,2220254,6120,20190925,2725,2835,2685,,,,,,,
557,,2765,4064790,11546,20190924,2915,3030,2710,,,,,,,
558,,2895,2516127,7217,20190923,2895,2925,2800,,,,,,,
559,,2885,4931087,13976,20190920,2685,2910,2685,,,,,,,
560,,2690,2095256,5668,20190919,2650,2800,2610,,,,,,,
561,,2650,1160582,3058,20190918,2625,2670,2590,,,,,,,
562,,2640,1304485,3425,20190917,2600,2685,2550,,,,,,,
563,,2620,1093762,2861,20190916,2610,2640,2580,,,,,,,
564,,2620,2740148,7126,20190911,2505,2690,2495,,,,,,,
565,,2510,954155,2424,20190910,2570,2590,2510,,,,,,,
566,,2530,1405969,3584,20190909,2470,2600,2470,,,,,,,
567,,2490,1688169,4284,20190906,2550,2620,2450,,,,,,,
568,,2545,1280155,3230,20190905,2515,2550,2475,,,,,,,
569,,2515,1126961,2812,20190904,2495,2535,2460,,,,,,,
570,,2475,1079764,2674,20190903,2445,2515,2425,,,,,,,
571,,2460,2377734,5844,20190902,2365,2500,2345,,,,,,,
572,,2375,1395093,3286,20190830,2380,2385,2320,,,,,,,
573,,2325,1751876,4039,20190829,2250,2350,2220,,,,,,,
574,,2250,977046,2189,20190828,2170,2315,2165,,,,,,,
575,,2170,436235,958,20190827,2210,2230,2145,,,,,,,
576,,2175,1153895,2518,20190826,2205,2220,2125,,,,,,,
577,,2275,952694,2184,20190823,2320,2330,2265,,,,,,,
578,,2355,2842340,6676,20190822,2255,2400,2225,,,,,,,
579,,2245,352915,797,20190821,2225,2275,2225,,,,,,,
580,,2250,637304,1430,20190820,2250,2265,2200,,,,,,,
581,,2200,527755,1155,20190819,2190,2230,2160,,,,,,,
582,,2190,1879077,4191,20190816,2250,2275,2175,,,,,,,
583,,2190,988842,2140,20190814,2145,2190,2080,,,,,,,
584,,2090,393999,819,20190813,2100,2115,2010,,,,,,,
585,,2120,497055,1033,20190812,2110,2140,2040,,,,,,,
586,,2040,420271,858,20190809,2065,2075,2025,,,,,,,
587,,2030,834026,1659,20190808,1950,2050,1950,,,,,,,
588,,1925,578267,1106,20190807,1890,1955,1870,,,,,,,
589,,1870,1845886,3482,20190806,1890,2000,1705,,,,,,,
590,,1915,1465811,2958,20190805,2140,2160,1915,,,,,,,
591,,2140,764240,1625,20190802,2085,2170,2060,,,,,,,
592,,2130,2220220,4964,20190801,2195,2320,2115,,,,,,,
593,,2190,962317,2049,20190731,2180,2210,2080,,,,,,,
594,,2180,811545,1775,20190730,2145,2230,2145,,,,,,,
595,,2130,1171724,2588,20190729,2340,2340,2130,,,,,,,
596,,2280,2189154,5081,20190726,2340,2400,2255,,,,,,,
597,,2255,696745,1577,20190725,2250,2280,2150,,,,,,,
598,,2260,609340,1386,20190724,2280,2315,2220,,,,,,,
599,,2300,655169,1503,20190723,2280,2335,2265,,,,,,,
