,종목코드,현재가,거래량,거래대금,일자,시가,고가,저가,수정주가구분,수정비율,대업종구분,소업종구분,종목정보,수정주가이벤트,전일종가
0,157500,4815,2866,14,20211223,4850,4850,4805,,,,,,,
1,,4840,5713,28,20211222,4855,4855,4830,,,,,,,
2,,4840,3739,18,20211221,4835,4870,4825,,,,,,,
3,,4815,5733,28,20211220,4860,4870,4810,,,,,,,
4,,4870,20245,98,20211217,4790,4870,4775,,,,,,,
5,,4795,34626,166,20211216,4825,4825,4770,,,,,,,
6,,4810,3357,16,20211215,4790,4815,4775,,,,,,,
7,,4790,91058,437,20211214,4780,4835,4760,,,,,,,
8,,4800,38024,183,20211213,4760,4830,4760,,,,,,,
9,,4760,21897,104,20211210,4765,4770,4735,,,,,,,
10,,4775,3707,18,20211209,4770,4790,4740,,,,,,,
11,,4750,4474,21,20211208,4765,4800,4725,,,,,,,
12,,4750,14782,70,20211207,4750,4750,4720,,,,,,,
13,,4740,3289,16,20211206,4650,4745,4600,,,,,,,
14,,4660,4455,20,20211203,4560,4660,4520,,,,,,,
15,,4560,10591,48,20211202,4415,4560,4400,,,,,,,
16,,4455,6420,28,20211201,4390,4460,4355,,,,,,,
17,,4390,22424,98,20211130,4545,4560,4345,,,,,,,
18,,4530,9157,42,20211129,4515,4575,4515,,,,,,,
19,,4625,11705,54,20211126,4700,4700,4625,,,,,,,
20,,4700,3659,17,20211125,4700,4710,4685,,,,,,,
21,,4710,9933,47,20211124,4715,4740,4700,,,,,,,
22,,4715,10120,48,20211123,4690,4720,4690,,,,,,,
23,,4730,11703,55,20211122,4705,4740,4695,,,,,,,
24,,4705,30351,143,20211119,4725,4740,4700,,,,,,,
25,,4735,5086,24,20211118,4755,4755,4715,,,,,,,
26,,4760,12893,62,20211117,4870,4870,4750,,,,,,,
27,,4855,11609,56,20211116,4825,4860,4805,,,,,,,
28,,4835,33613,162,20211115,4770,4835,4755,,,,,,,
29,,4735,12635,60,20211112,4630,4745,4630,,,,,,,
30,,4620,14785,68,20211111,4615,4620,4600,,,,,,,
31,,4660,6195,29,20211110,4710,4720,4650,,,,,,,
32,,4735,3032,14,20211109,4720,4755,4720,,,,,,,
33,,4710,3398,16,20211108,4685,4725,4625,,,,,,,
34,,4665,16197,75,20211105,4680,4680,4615,,,,,,,
35,,4675,1732,8,20211104,4715,4725,4670,,,,,,,
36,,4685,1252,6,20211103,4745,4745,4680,,,,,,,
37,,4735,4996,24,20211102,4700,4735,4700,,,,,,,
38,,4690,3225,15,20211101,4685,4705,4665,,,,,,,
39,,4680,5276,25,20211029,4730,4735,4660,,,,,,,
40,,4710,18829,89,20211028,4785,4785,4710,,,,,,,
41,,4790,7168,34,20211027,4820,4820,4780,,,,,,,
42,,4830,45616,219,20211026,4785,4830,4770,,,,,,,
43,,4765,37593,179,20211025,4755,4775,4715,,,,,,,
44,,4760,2337,11,20211022,4785,4790,4750,,,,,,,
45,,4780,7095,34,20211021,4740,4820,4740,,,,,,,
46,,4730,14289,68,20211020,4750,4760,4725,,,,,,,
47,,4730,11131,52,20211019,4700,4735,4690,,,,,,,
48,,4685,29848,139,20211018,4680,4695,4625,,,,,,,
49,,4660,13326,62,20211015,4645,4660,4610,,,,,,,
50,,4590,5369,25,20211014,4610,4650,4585,,,,,,,
51,,4590,3377,15,20211013,4500,4590,4495,,,,,,,
52,,4495,6346,28,20211012,4485,4510,4445,,,,,,,
53,,4510,2041,9,20211008,4545,4545,4500,,,,,,,
54,,4545,5147,23,20211007,4465,4550,4465,,,,,,,
55,,4430,10695,48,20211006,4505,4540,4430,,,,,,,
56,,4480,11154,50,20211005,4510,4530,4420,,,,,,,
57,,4570,4386,20,20211001,4600,4640,4565,,,,,,,
58,,4660,5101,24,20210930,4590,4660,4580,,,,,,,
59,,4600,6234,29,20210929,4605,4650,4565,,,,,,,
60,,4695,3263,15,20210928,4730,4760,4685,,,,,,,
61,,4750,15666,75,20210927,4740,4775,4735,,,,,,,
62,,4770,10969,52,20210924,4800,4815,4765,,,,,,,
63,,4780,7825,37,20210923,4810,4820,4760,,,,,,,
64,,4875,7401,36,20210917,4810,4885,4795,,,,,,,
65,,4795,7594,36,20210916,4830,4830,4790,,,,,,,
66,,4815,1820,9,20210915,4820,4845,4810,,,,,,,
67,,4830,2828,14,20210914,4835,4875,4825,,,,,,,
68,,4815,5123,25,20210913,4840,4865,4800,,,,,,,
69,,4875,7516,36,20210910,4795,4875,4770,,,,,,,
70,,4780,7695,37,20210909,4840,4855,4780,,,,,,,
71,,4885,4714,23,20210908,4865,4920,4860,,,,,,,
72,,4905,16582,81,20210907,4895,4910,4870,,,,,,,
73,,4905,6290,31,20210906,4895,4910,4875,,,,,,,
74,,4925,22942,113,20210903,4960,4965,4920,,,,,,,
75,,4960,23954,119,20210902,4945,5005,4935,,,,,,,
76,,4945,48105,237,20210901,4875,4945,4875,,,,,,,
77,,4905,10367,50,20210831,4870,4905,4790,,,,,,,
78,,4865,16287,80,20210830,4910,4920,4860,,,,,,,
79,,4875,8169,40,20210827,4800,4875,4800,,,,,,,
80,,4830,11746,57,20210826,4845,4875,4810,,,,,,,
81,,4830,4781,23,20210825,4800,4840,4785,,,,,,,
82,,4790,7712,37,20210824,4705,4795,4705,,,,,,,
83,,4675,9840,46,20210823,4590,4725,4580,,,,,,,
84,,4560,24010,110,20210820,4620,4660,4525,,,,,,,
85,,4610,13540,63,20210819,4770,4770,4600,,,,,,,
86,,4795,41027,197,20210818,4770,4810,4725,,,,,,,
87,,4750,8276,39,20210817,4815,4850,4740,,,,,,,
88,,4800,8882,43,20210813,4880,4890,4755,,,,,,,
89,,4870,11326,55,20210812,4890,4925,4860,,,,,,,
90,,4870,35564,173,20210811,4850,4900,4840,,,,,,,
91,,4840,23090,112,20210810,4870,4875,4820,,,,,,,
92,,4845,13095,64,20210809,4875,4890,4845,,,,,,,
93,,4860,22875,112,20210806,4880,4900,4840,,,,,,,
94,,4860,12675,62,20210805,4845,4875,4840,,,,,,,
95,,4855,25642,124,20210804,4795,4860,4790,,,,,,,
96,,4775,9359,45,20210803,4790,4825,4760,,,,,,,
97,,4795,7350,35,20210802,4780,4795,4765,,,,,,,
98,,4780,22029,106,20210730,4830,4830,4770,,,,,,,
99,,4845,15326,74,20210729,4850,4870,4825,,,,,,,
100,,4830,5917,29,20210728,4820,4880,4810,,,,,,,
101,,4835,20173,98,20210727,4915,4925,4830,,,,,,,
102,,4905,12017,60,20210726,5055,5055,4900,,,,,,,
103,,5025,107720,540,20210723,4895,5035,4895,,,,,,,
104,,4885,29203,143,20210722,4870,4900,4870,,,,,,,
105,,4835,6233,30,20210721,4865,4880,4825,,,,,,,
106,,4830,11523,56,20210720,4810,4850,4810,,,,,,,
107,,4880,7303,36,20210719,4885,4890,4865,,,,,,,
108,,4940,7581,37,20210716,4910,4950,4890,,,,,,,
109,,4940,21537,106,20210715,4910,4940,4900,,,,,,,
110,,4895,5195,25,20210714,4890,4910,4860,,,,,,,
111,,4905,10766,53,20210713,4850,4910,4850,,,,,,,
112,,4820,10615,51,20210712,4790,4825,4780,,,,,,,
113,,4745,37040,175,20210709,4820,4820,4710,,,,,,,
114,,4860,30325,149,20210708,4875,4935,4845,,,,,,,
115,,4865,103474,502,20210707,4910,4910,4840,,,,,,,
116,,4930,58076,287,20210706,4945,4970,4920,,,,,,,
117,,4940,26250,129,20210705,4935,4945,4910,,,,,,,
118,,4930,35493,175,20210702,4945,4965,4905,,,,,,,
119,,4940,37949,188,20210701,5010,5010,4940,,,,,,,
120,,5010,4462,22,20210630,5010,5030,4995,,,,,,,
121,,5020,157484,789,20210629,5125,5125,4995,,,,,,,
122,,5115,55376,282,20210628,5055,5140,5050,,,,,,,
123,,5050,66337,333,20210625,4975,5050,4975,,,,,,,
124,,4930,11359,56,20210624,4940,4955,4910,,,,,,,
125,,4940,98045,484,20210623,4975,4975,4925,,,,,,,
126,,4965,54406,269,20210622,4905,4970,4905,,,,,,,
127,,4870,66372,323,20210621,4905,4910,4860,,,,,,,
128,,4960,67508,333,20210618,4990,4990,4925,,,,,,,
129,,4980,21028,104,20210617,4990,4995,4935,,,,,,,
130,,5005,102928,516,20210616,4990,5035,4985,,,,,,,
131,,4985,55468,275,20210615,4940,4995,4940,,,,,,,
132,,4935,113364,560,20210614,5000,5000,4925,,,,,,,
133,,4990,23210,116,20210611,5005,5025,4980,,,,,,,
134,,4990,15030,75,20210610,5025,5025,4965,,,,,,,
135,,5025,34498,174,20210609,5125,5130,5020,,,,,,,
136,,5120,46467,238,20210608,5125,5150,5115,,,,,,,
137,,5125,11741,60,20210607,5170,5185,5100,,,,,,,
138,,5140,26212,135,20210604,5140,5160,5100,,,,,,,
139,,5145,52535,270,20210603,5105,5185,5105,,,,,,,
140,,5085,22941,117,20210602,5080,5100,5050,,,,,,,
141,,5085,34413,174,20210601,5040,5100,5025,,,,,,,
142,,5035,26411,132,20210531,5055,5055,4980,,,,,,,
143,,5025,15580,78,20210528,5040,5060,4995,,,,,,,
144,,5030,4227,21,20210527,5055,5055,4990,,,,,,,
145,,5045,44285,223,20210526,5030,5060,5005,,,,,,,
146,,5020,43747,220,20210525,5025,5030,5010,,,,,,,
147,,5000,295413,1476,20210524,4960,5020,4935,,,,,,,
148,,4965,373189,1864,20210521,4995,5065,4965,,,,,,,
149,,4975,233321,1162,20210520,5015,5030,4930,,,,,,,
150,,5080,321457,1627,20210518,5000,5100,4990,,,,,,,
151,,4960,149240,749,20210517,5090,5095,4930,,,,,,,
152,,5095,223542,1134,20210514,5100,5110,5020,,,,,,,
153,,5055,273524,1386,20210513,4990,5130,4990,,,,,,,
154,,5155,395241,2032,20210512,5295,5295,5045,,,,,,,
155,,5320,211043,1114,20210511,5355,5385,5255,,,,,,,
156,,5380,673931,3628,20210510,5240,5410,5240,,,,,,,
157,,5180,309739,1603,20210507,5195,5210,5140,,,,,,,
158,,5140,265441,1351,20210506,4965,5140,4955,,,,,,,
159,,4985,99546,491,20210504,4945,4985,4885,,,,,,,
160,,4960,112947,563,20210503,5115,5115,4930,,,,,,,
161,,5135,51081,261,20210430,5045,5160,5045,,,,,,,
162,,5040,82130,418,20210429,5195,5195,5035,4,-3.25,,,,,
163,,5205,55183,287,20210428,5263,5263,5171,,,,,,,
164,,5215,36475,189,20210427,5186,5215,5147,,,,,,,
165,,5147,66337,341,20210426,5065,5166,5065,,,,,,,
166,,5055,23591,118,20210423,4963,5079,4939,,,,,,,
167,,5016,35464,178,20210422,5046,5050,5016,,,,,,,
168,,5021,35437,178,20210421,5041,5089,4997,,,,,,,
169,,5075,84550,427,20210420,4900,5089,4900,,,,,,,
170,,4920,127999,631,20210419,4987,4987,4920,,,,,,,
171,,4983,11260,56,20210416,4992,5002,4949,,,,,,,
172,,4973,37644,187,20210415,4983,5021,4944,,,,,,,
173,,4987,79064,395,20210414,5021,5031,4929,,,,,,,
174,,4997,60074,299,20210413,5002,5021,4944,,,,,,,
175,,5016,35661,180,20210412,5036,5104,4987,,,,,,,
176,,4992,31593,158,20210409,5031,5041,4968,,,,,,,
177,,4983,57994,286,20210408,4954,4983,4896,,,,,,,
178,,4954,239403,1196,20210407,4789,5094,4789,,,,,,,
179,,4789,179717,853,20210406,4673,4789,4668,,,,,,,
180,,4663,28128,130,20210405,4649,4663,4605,,,,,,,
181,,4639,35174,163,20210402,4620,4654,4600,,,,,,,
182,,4586,15041,70,20210401,4615,4649,4586,,,,,,,
183,,4571,38344,176,20210331,4504,4644,4504,,,,,,,
184,,4518,13468,61,20210330,4475,4518,4465,,,,,,,
185,,4475,10871,49,20210329,4489,4489,4441,,,,,,,
186,,4494,16918,76,20210326,4465,4499,4460,,,,,,,
187,,4465,26331,117,20210325,4431,4465,4402,,,,,,,
188,,4431,7940,35,20210324,4436,4446,4407,,,,,,,
189,,4436,21478,96,20210323,4504,4518,4436,,,,,,,
190,,4504,17468,78,20210322,4528,4528,4470,,,,,,,
191,,4504,15856,71,20210319,4455,4504,4426,,,,,,,
192,,4484,31178,140,20210318,4484,4518,4480,,,,,,,
193,,4451,14226,63,20210317,4455,4460,4421,,,,,,,
194,,4460,18621,83,20210316,4489,4489,4455,,,,,,,
195,,4451,10087,45,20210315,4470,4480,4421,,,,,,,
196,,4455,5495,24,20210312,4426,4470,4421,,,,,,,
197,,4373,36717,160,20210311,4291,4392,4291,,,,,,,
198,,4257,9869,42,20210310,4320,4325,4242,,,,,,,
199,,4301,31260,134,20210309,4349,4349,4213,,,,,,,
200,,4296,34659,149,20210308,4373,4373,4286,,,,,,,
201,,4320,15560,67,20210305,4344,4344,4267,,,,,,,
202,,4388,22888,100,20210304,4383,4421,4349,,,,,,,
203,,4412,18407,81,20210303,4301,4426,4286,,,,,,,
204,,4301,21590,93,20210302,4359,4368,4257,,,,,,,
205,,4286,36289,156,20210226,4325,4334,4238,,,,,,,
206,,4426,16120,71,20210225,4431,4446,4388,,,,,,,
207,,4383,19524,87,20210224,4494,4509,4354,,,,,,,
208,,4475,34923,156,20210223,4480,4504,4436,,,,,,,
209,,4509,25508,116,20210222,4533,4591,4489,,,,,,,
210,,4513,62189,279,20210219,4499,4547,4431,,,,,,,
211,,4518,51911,235,20210218,4528,4562,4499,,,,,,,
212,,4547,264606,1199,20210217,4586,4586,4518,,,,,,,
213,,4586,53312,242,20210216,4571,4586,4489,,,,,,,
214,,4581,66669,304,20210215,4557,4581,4533,,,,,,,
215,,4523,30008,135,20210210,4528,4542,4451,,,,,,,
216,,4528,320922,1452,20210209,4567,4567,4509,,,,,,,
217,,4518,60235,271,20210208,4465,4518,4446,,,,,,,
218,,4426,46864,208,20210205,4436,4470,4412,,,,,,,
219,,4383,34065,149,20210204,4484,4484,4359,,,,,,,
220,,4470,22647,101,20210203,4475,4518,4431,,,,,,,
221,,4455,62681,278,20210202,4451,4489,4397,,,,,,,
222,,4392,44647,193,20210201,4209,4402,4209,,,,,,,
223,,4247,806895,3469,20210129,4451,4451,4223,,,,,,,
224,,4402,67405,296,20210128,4451,4451,4354,,,,,,,
225,,4518,192073,868,20210127,4489,4581,4470,,,,,,,
226,,4451,116235,527,20210126,4571,4586,4446,,,,,,,
227,,4513,137827,621,20210125,4489,4523,4451,,,,,,,
228,,4465,45901,206,20210122,4518,4528,4446,,,,,,,
229,,4518,95446,431,20210121,4523,4542,4489,,,,,,,
230,,4489,36329,163,20210120,4576,4576,4455,,,,,,,
231,,4523,54132,243,20210119,4417,4542,4402,,,,,,,
232,,4402,75889,337,20210118,4489,4489,4378,,,,,,,
233,,4528,52243,241,20210115,4659,4726,4523,,,,,,,
234,,4659,43045,199,20210114,4620,4659,4586,,,,,,,
235,,4620,99720,464,20210113,4654,4688,4581,,,,,,,
236,,4629,228810,1057,20210112,4779,4779,4494,,,,,,,
237,,4750,609434,2937,20210111,4717,4968,4639,,,,,,,
238,,4649,255158,1184,20210108,4663,4721,4600,,,,,,,
239,,4615,111897,515,20210107,4629,4639,4542,,,,,,,
240,,4518,237859,1086,20210106,4436,4668,4431,,,,,,,
241,,4368,32752,140,20210105,4267,4378,4238,,,,,,,
242,,4301,66214,282,20210104,4228,4305,4160,,,,,,,
243,,4238,31220,131,20201230,4204,4238,4155,,,,,,,
244,,4209,50535,213,20201229,4223,4228,4170,,,,,,,
245,,4180,29285,123,20201228,4247,4247,4170,,,,,,,
246,,4199,46295,194,20201224,4175,4209,4175,,,,,,,
247,,4146,32718,135,20201223,4131,4160,4073,,,,,,,
248,,4093,47896,197,20201222,4151,4165,4093,,,,,,,
249,,4155,13879,57,20201221,4151,4155,4093,,,,,,,
250,,4146,41887,173,20201218,4175,4184,4117,,,,,,,
251,,4165,48911,204,20201217,4199,4199,4136,,,,,,,
252,,4209,63884,269,20201216,4228,4247,4204,,,,,,,
253,,4204,10812,45,20201215,4209,4228,4155,,,,,,,
254,,4204,36480,154,20201214,4267,4315,4189,,,,,,,
255,,4276,45067,193,20201211,4252,4305,4252,,,,,,,
256,,4252,161575,682,20201210,4233,4349,4199,,,,,,,
257,,4354,60694,260,20201209,4238,4354,4218,,,,,,,
258,,4213,126665,535,20201208,4286,4286,4199,,,,,,,
259,,4257,61975,265,20201207,4368,4373,4233,,,,,,,
260,,4349,80824,352,20201204,4233,4397,4233,,,,,,,
261,,4213,184100,774,20201203,4199,4233,4151,,,,,,,
262,,4199,254435,1066,20201202,4199,4223,4165,,,,,,,
263,,4189,285963,1182,20201201,4044,4189,4044,,,,,,,
264,,4015,32020,131,20201130,4165,4165,4015,,,,,,,
265,,4160,51634,215,20201127,4170,4184,4131,,,,,,,
266,,4194,191032,797,20201126,4117,4194,4093,,,,,,,
267,,4122,104720,434,20201125,4136,4204,4044,,,,,,,
268,,4102,50781,208,20201124,4131,4131,4068,,,,,,,
269,,4083,55951,228,20201123,3972,4117,3933,,,,,,,
270,,3962,10650,42,20201120,3957,3986,3943,,,,,,,
271,,3962,210304,833,20201119,3957,3962,3904,,,,,,,
272,,3986,23064,92,20201118,4001,4025,3972,,,,,,,
273,,4005,31421,126,20201117,4054,4054,3962,,,,,,,
274,,4044,125983,506,20201116,3885,4068,3885,,,,,,,
275,,3860,28611,110,20201113,3855,3899,3826,,,,,,,
276,,3885,25095,97,20201112,3933,3933,3846,,,,,,,
277,,3943,96639,377,20201111,3749,3947,3749,,,,,,,
278,,3749,33867,127,20201110,3807,3807,3744,,,,,,,
279,,3739,24396,91,20201109,3686,3759,3686,,,,,,,
280,,3657,32400,119,20201106,3710,3715,3657,,,,,,,
281,,3701,34870,129,20201105,3677,3706,3662,,,,,,,
282,,3633,388940,1413,20201104,3667,3667,3618,,,,,,,
283,,3638,2509,9,20201103,3614,3657,3604,,,,,,,
284,,3594,11038,40,20201102,3527,3594,3527,,,,,,,
285,,3517,4845,17,20201030,3599,3604,3517,,,,,,,
286,,3618,10982,39,20201029,3570,3618,3536,,,,,,,
287,,3657,18042,66,20201028,3580,3657,3575,,,,,,,
288,,3570,16242,58,20201027,3575,3614,3546,,,,,,,
289,,3609,153559,558,20201026,3739,3739,3604,,,,,,,
290,,3725,18464,69,20201023,3701,3735,3677,,,,,,,
291,,3662,45864,168,20201022,3589,3701,3560,,,,,,,
292,,3604,12129,43,20201021,3527,3604,3522,,,,,,,
293,,3498,1526,5,20201020,3493,3498,3454,,,,,,,
294,,3512,7633,27,20201019,3498,3546,3483,,,,,,,
295,,3478,8781,30,20201016,3493,3502,3449,,,,,,,
296,,3493,10994,38,20201015,3507,3531,3464,,,,,,,
297,,3512,9264,33,20201014,3575,3575,3512,,,,,,,
298,,3580,2909,10,20201013,3628,3628,3565,,,,,,,
299,,3628,21136,76,20201012,3594,3628,3589,,,,,,,
300,,3585,11370,41,20201008,3565,3585,3522,,,,,,,
301,,3517,3587,13,20201007,3512,3527,3493,,,,,,,
302,,3522,14361,51,20201006,3570,3570,3522,,,,,,,
303,,3556,11474,41,20201005,3507,3560,3498,,,,,,,
304,,3522,21727,76,20200929,3483,3536,3483,,,,,,,
305,,3459,42424,146,20200928,3464,3468,3444,,,,,,,
306,,3435,14996,52,20200925,3454,3459,3410,,,,,,,
307,,3425,61310,213,20200924,3512,3512,3415,,,,,,,
308,,3517,29314,102,20200923,3512,3541,3425,,,,,,,
309,,3483,50241,176,20200922,3589,3594,3478,,,,,,,
310,,3618,36934,136,20200921,3706,3715,3580,,,,,,,
311,,3710,13845,51,20200918,3715,3730,3677,,,,,,,
312,,3715,34498,128,20200917,3764,3764,3701,,,,,,,
313,,3764,39446,148,20200916,3788,3807,3744,,,,,,,
314,,3788,92426,352,20200915,3822,3860,3720,,,,,,,
315,,3749,31818,119,20200914,3744,3759,3730,,,,,,,
316,,3720,34784,129,20200911,3681,3725,3681,,,,,,,
317,,3710,39609,147,20200910,3701,3739,3686,,,,,,,
318,,3672,62342,230,20200909,3701,3730,3657,,,,,,,
319,,3768,104432,398,20200908,3860,3885,3759,,,,,,,
320,,3851,201628,769,20200907,3662,3909,3647,,,,,,,
321,,3652,136788,495,20200904,3560,3681,3560,,,,,,,
322,,3710,162422,605,20200903,3730,3744,3681,,,,,,,
323,,3706,95150,350,20200902,3643,3715,3618,,,,,,,
324,,3580,57726,205,20200901,3522,3580,3512,,,,,,,
325,,3488,59162,210,20200831,3599,3633,3488,,,,,,,
326,,3536,98718,352,20200828,3565,3604,3522,,,,,,,
327,,3498,64527,227,20200827,3585,3585,3493,,,,,,,
328,,3594,44228,158,20200826,3628,3628,3531,,,,,,,
329,,3628,76821,275,20200825,3483,3628,3483,,,,,,,
330,,3449,32201,110,20200824,3435,3468,3386,,,,,,,
331,,3430,127216,435,20200821,3435,3459,3362,,,,,,,
332,,3367,126783,434,20200820,3498,3536,3367,,,,,,,
333,,3541,33161,117,20200819,3507,3580,3507,,,,,,,
334,,3498,114731,410,20200818,3623,3643,3478,,,,,,,
335,,3623,152616,553,20200814,3696,3696,3570,,,,,,,
336,,3696,114732,424,20200813,3802,3802,3643,,,,,,,
337,,3701,72311,265,20200812,3759,3759,3570,,,,,,,
338,,3706,147674,561,20200811,3865,4117,3701,,,,,,,
339,,3754,105477,385,20200810,3483,3754,3483,,,,,,,
340,,3488,61406,214,20200807,3498,3531,3439,,,,,,,
341,,3483,92107,325,20200806,3531,3599,3454,,,,,,,
342,,3483,155467,536,20200805,3473,3522,3415,,,,,,,
343,,3338,45069,149,20200804,3236,3338,3173,,,,,,,
344,,3173,24327,77,20200803,3135,3188,3135,,,,,,,
345,,3135,50806,159,20200731,3115,3159,3111,,,,,,,
346,,3111,60687,189,20200730,3183,3183,3101,,,,,,,
347,,3120,10404,32,20200729,3120,3135,3081,,,,,,,
348,,3125,31257,98,20200728,3144,3164,3120,,,,,,,
349,,3125,55331,174,20200727,3115,3183,3115,,,,,,,
350,,3091,26104,81,20200724,3115,3149,3077,,,,,,,
351,,3154,16944,54,20200723,3217,3217,3125,,,,,,,
352,,3217,75878,247,20200722,3260,3294,3217,,,,,,,
353,,3222,74883,240,20200721,3212,3227,3135,,,,,,,
354,,3130,46763,147,20200720,3193,3198,3096,,,,,,,
355,,3178,138400,438,20200717,3077,3183,3077,,,,,,,
356,,3077,92830,286,20200716,3028,3120,3028,,,,,,,
357,,3019,34708,104,20200715,3004,3038,2985,,,,,,,
358,,2951,10263,30,20200714,2965,2965,2907,,,,,,,
359,,2965,34829,103,20200713,2864,2970,2854,,,,,,,
360,,2835,27782,79,20200710,2878,2878,2830,,,,,,,
361,,2903,45661,132,20200709,2946,2946,2888,,,,,,,
362,,2898,2071,6,20200708,2898,2898,2883,,,,,,,
363,,2898,26642,78,20200707,2932,2961,2898,,,,,,,
364,,2922,16988,49,20200706,2932,2932,2849,,,,,,,
365,,2873,2883,8,20200703,2878,2878,2864,,,,,,,
366,,2878,2518,7,20200702,2903,2903,2869,,,,,,,
367,,2864,2041,6,20200701,2859,2883,2854,,,,,,,
368,,2844,1257,4,20200630,2840,2854,2820,,,,,,,
369,,2796,12712,35,20200629,2806,2820,2782,,,,,,,
370,,2883,8396,24,20200626,2907,2922,2864,,,,,,,
371,,2898,14300,41,20200625,2956,2956,2873,,,,,,,
372,,3004,23320,70,20200624,3009,3028,2990,,,,,,,
373,,2980,11475,35,20200623,3052,3057,2961,,,,,,,
374,,3033,7766,24,20200622,3028,3062,3028,,,,,,,
375,,3043,12474,38,20200619,3081,3081,3023,,,,,,,
376,,3091,19616,60,20200618,3091,3115,3038,,,,,,,
377,,3048,21257,65,20200617,3077,3077,2999,,,,,,,
378,,3062,4613,14,20200616,2941,3062,2941,,,,,,,
379,,2912,74820,221,20200615,3048,3048,2806,,,,,,,
380,,3062,37514,113,20200612,3019,3062,2922,,,,,,,
381,,3140,29819,93,20200611,3135,3144,3077,,,,,,,
382,,3183,17048,54,20200610,3222,3222,3149,,,,,,,
383,,3188,29046,93,20200609,3338,3338,3173,,,,,,,
384,,3265,13066,43,20200608,3309,3319,3251,,,,,,,
385,,3236,30500,98,20200605,3169,3251,3144,,,,,,,
386,,3188,53796,174,20200604,3406,3406,3159,,,,,,,
387,,3280,103953,341,20200603,3236,3309,3169,,,,,,,
388,,3120,27306,84,20200602,3067,3125,3023,,,,,,,
389,,3014,10997,33,20200601,3009,3023,2975,,,,,,,
390,,2946,21231,64,20200529,3009,3019,2946,,,,,,,
391,,3009,35915,109,20200528,3023,3096,2956,,,,,,,
392,,2980,16918,50,20200527,2965,2999,2946,,,,,,,
393,,2951,6526,19,20200526,2922,2951,2883,,,,,,,
394,,2883,2613,7,20200525,2840,2883,2825,,,,,,,
395,,2840,9962,29,20200522,2999,2999,2835,,,,,,,
396,,2965,37503,109,20200521,2903,2985,2883,,,,,,,
397,,2893,18469,53,20200520,2859,2903,2859,,,,,,,
398,,2888,26413,76,20200519,2801,2898,2801,,,,,,,
399,,2757,4033,11,20200518,2724,2757,2690,,,,,,,
400,,2709,17077,46,20200515,2786,2786,2694,,,,,,,
401,,2680,10061,27,20200514,2743,2743,2680,,,,,,,
402,,2743,13346,37,20200513,2704,2748,2704,,,,,,,
403,,2743,18536,51,20200512,2767,2767,2719,,,,,,,
404,,2806,9339,27,20200511,2849,2859,2801,,,,,,,
405,,2849,3924,11,20200508,2854,2869,2840,,,,,,,
406,,2820,707,2,20200507,2873,2873,2811,,,,,,,
407,,2844,20533,58,20200506,2738,2873,2738,,,,,,,
408,,2786,8234,23,20200504,2859,2859,2748,,,,,,,
409,,2878,18909,54,20200429,2733,2917,2733,,,,,,,
410,,2719,18106,49,20200428,2796,2796,2685,4,-4.44,,,,,
411,,2709,12201,33,20200427,2644,2718,2639,,,,,,,
412,,2630,9018,24,20200424,2635,2639,2621,,,,,,,
413,,2672,2690,7,20200423,2658,2672,2649,,,,,,,
414,,2653,2639,7,20200422,2607,2653,2584,,,,,,,
415,,2644,32025,85,20200421,2667,2681,2612,,,,,,,
416,,2709,40016,110,20200420,2764,2769,2681,,,,,,,
417,,2774,6370,17,20200417,2663,2774,2663,,,,,,,
418,,2630,1981,5,20200416,2589,2630,2579,,,,,,,
419,,2672,4212,11,20200414,2612,2676,2607,,,,,,,
420,,2602,3285,9,20200413,2626,2681,2602,,,,,,,
421,,2686,53500,142,20200410,2635,2690,2612,,,,,,,
422,,2616,10870,28,20200409,2612,2621,2598,,,,,,,
423,,2584,1977,5,20200408,2616,2630,2579,,,,,,,
424,,2644,19213,51,20200407,2746,2746,2593,,,,,,,
425,,2630,10028,26,20200406,2519,2630,2519,,,,,,,
426,,2519,7342,19,20200403,2589,2589,2482,,,,,,,
427,,2575,20027,50,20200402,2542,2575,2441,,,,,,,
428,,2515,5639,15,20200401,2663,2690,2515,,,,,,,
429,,2690,83658,225,20200331,2626,2723,2626,,,,,,,
430,,2612,26765,67,20200330,2482,2653,2478,,,,,,,
431,,2575,51732,135,20200327,2607,2663,2501,,,,,,,
432,,2524,45444,116,20200326,2589,2593,2473,,,,,,,
433,,2519,42467,103,20200325,2293,2519,2274,,,,,,,
434,,2163,38817,82,20200324,2025,2163,1983,,,,,,,
435,,1937,35663,70,20200323,1951,1988,1914,,,,,,,
436,,2159,40305,84,20200320,2080,2159,2052,,,,,,,
437,,2006,41186,90,20200319,2431,2431,2006,,,,,,,
438,,2431,7532,19,20200318,2593,2593,2431,,,,,,,
439,,2542,236999,606,20200317,2496,2653,2496,,,,,,,
440,,2676,88088,240,20200316,2797,2797,2676,,,,,,,
441,,2764,50168,132,20200313,2810,2810,2584,,,,,,,
442,,2880,17147,50,20200312,3005,3005,2847,,,,,,,
443,,3042,3111,10,20200311,3083,3129,3014,,,,,,,
444,,3083,93777,290,20200310,3046,3083,3032,,,,,,,
445,,3069,15380,47,20200309,3203,3203,3051,,,,,,,
446,,3203,249772,798,20200306,3217,3217,3185,,,,,,,
447,,3250,2581,8,20200305,3217,3263,3217,,,,,,,
448,,3185,27308,87,20200304,3139,3208,3139,,,,,,,
449,,3129,17835,56,20200303,3143,3162,3129,,,,,,,
450,,3074,27072,83,20200302,3106,3106,3028,,,,,,,
451,,3097,28273,88,20200228,3143,3143,3074,,,,,,,
452,,3194,271612,862,20200227,3203,3208,3171,,,,,,,
453,,3208,5375,17,20200226,3166,3227,3162,,,,,,,
454,,3213,17694,56,20200225,3120,3222,3120,,,,,,,
455,,3143,16691,53,20200224,3227,3227,3143,,,,,,,
456,,3277,5584,18,20200221,3291,3296,3277,,,,,,,
457,,3324,6284,21,20200220,3361,3365,3324,,,,,,,
458,,3361,537,2,20200219,3361,3361,3337,,,,,,,
459,,3365,456831,1532,20200218,3351,3365,3347,,,,,,,
460,,3370,93744,315,20200217,3374,3374,3351,,,,,,,
461,,3388,51362,175,20200214,3388,3407,3379,,,,,,,
462,,3384,4784,16,20200213,3421,3425,3384,,,,,,,
463,,3402,4705,16,20200212,3407,3407,3370,,,,,,,
464,,3388,7522,26,20200211,3393,3402,3388,,,,,,,
465,,3370,13480,45,20200210,3398,3398,3356,,,,,,,
466,,3421,2989,10,20200207,3458,3458,3407,,,,,,,
467,,3458,17237,59,20200206,3384,3467,3379,,,,,,,
468,,3333,942,3,20200205,3356,3356,3324,,,,,,,
469,,3333,7569,25,20200204,3319,3347,3319,,,,,,,
470,,3305,5175,17,20200203,3277,3314,3254,,,,,,,
471,,3333,5256,18,20200131,3398,3398,3333,,,,,,,
472,,3361,5520,19,20200130,3407,3407,3356,,,,,,,
473,,3416,10443,36,20200129,3416,3416,3407,,,,,,,
474,,3407,13004,45,20200128,3504,3508,3398,,,,,,,
475,,3587,41864,151,20200123,3619,3629,3587,,,,,,,
476,,3647,11559,42,20200122,3624,3647,3624,,,,,,,
477,,3619,17875,65,20200121,3638,3638,3610,,,,,,,
478,,3647,135094,493,20200120,3624,3661,3624,,,,,,,
479,,3624,8564,31,20200117,3619,3647,3615,,,,,,,
480,,3610,6821,25,20200116,3601,3610,3587,,,,,,,
481,,3610,7012,25,20200115,3601,3615,3592,,,,,,,
482,,3615,4486,16,20200114,3541,3615,3541,,,,,,,
483,,3518,12965,46,20200113,3527,3527,3490,,,,,,,
484,,3513,90,0,20200110,3518,3518,3490,,,,,,,
485,,3485,2297,8,20200109,3513,3522,3485,,,,,,,
486,,3462,4661,16,20200108,3518,3518,3448,,,,,,,
487,,3536,363,1,20200107,3550,3550,3527,,,,,,,
488,,3518,14379,51,20200106,3578,3578,3518,,,,,,,
489,,3601,8662,31,20200103,3615,3633,3601,,,,,,,
490,,3587,16278,59,20200102,3689,3689,3582,,,,,,,
491,,3633,3091,11,20191230,3666,3666,3633,,,,,,,
492,,3661,15779,58,20191227,3638,3698,3638,,,,,,,
493,,3587,49801,178,20191226,3559,3587,3559,,,,,,,
494,,3559,1217,4,20191224,3578,3592,3559,,,,,,,
495,,3578,8526,30,20191223,3569,3582,3559,,,,,,,
496,,3555,6534,23,20191220,3541,3559,3541,,,,,,,
497,,3541,2471,9,20191219,3518,3541,3508,,,,,,,
498,,3513,3350,12,20191218,3518,3527,3504,,,,,,,
499,,3527,21211,74,20191217,3485,3527,3485,,,,,,,
500,,3495,11196,39,20191216,3518,3532,3485,,,,,,,
501,,3518,21202,74,20191213,3448,3518,3448,,,,,,,
502,,3425,10534,36,20191212,3379,3435,3379,,,,,,,
503,,3374,14265,48,20191211,3356,3384,3351,,,,,,,
504,,3347,22970,76,20191210,3319,3356,3319,,,,,,,
505,,3314,2233,7,20191209,3328,3333,3314,,,,,,,
506,,3328,56474,188,20191206,3411,3411,3291,,,,,,,
507,,3411,4284,15,20191205,3453,3453,3393,,,,,,,
508,,3439,19534,67,20191204,3411,3439,3398,,,,,,,
509,,3444,3713,13,20191203,3421,3444,3407,,,,,,,
510,,3444,571,2,20191202,3435,3448,3430,,,,,,,
511,,3430,18038,62,20191129,3453,3453,3421,,,,,,,
512,,3471,8247,29,20191128,3462,3471,3448,,,,,,,
513,,3471,5987,21,20191127,3495,3495,3448,,,,,,,
514,,3485,9703,34,20191126,3448,3485,3448,,,,,,,
515,,3444,1055,4,20191125,3411,3444,3411,,,,,,,
516,,3407,3498,12,20191122,3388,3421,3388,,,,,,,
517,,3398,59921,202,20191121,3425,3425,3370,,,,,,,
518,,3425,6248,21,20191120,3439,3439,3421,,,,,,,
519,,3448,18189,62,20191119,3430,3448,3416,,,,,,,
520,,3439,1387,5,20191118,3471,3471,3439,,,,,,,
521,,3471,256502,890,20191115,3411,3481,3411,,,,,,,
522,,3398,105882,359,20191114,3398,3411,3379,,,,,,,
523,,3393,83922,285,20191113,3425,3430,3384,,,,,,,
524,,3425,20857,71,20191112,3430,3430,3411,,,,,,,
525,,3430,8743,30,20191111,3458,3458,3425,,,,,,,
526,,3471,38853,135,20191108,3485,3499,3453,,,,,,,
527,,3458,9652,33,20191107,3444,3467,3430,,,,,,,
528,,3448,6119,21,20191106,3485,3490,3448,,,,,,,
529,,3490,18244,63,20191105,3462,3490,3448,,,,,,,
530,,3462,9806,34,20191104,3347,3467,3347,,,,,,,
531,,3324,7415,25,20191101,3324,3328,3314,,,,,,,
532,,3328,319096,1066,20191031,3356,3356,3324,,,,,,,
533,,3347,6481,22,20191030,3370,3370,3337,,,,,,,
534,,3379,2353,8,20191029,3393,3402,3374,,,,,,,
535,,3384,1959,7,20191028,3393,3402,3384,,,,,,,
536,,3388,10956,37,20191025,3398,3402,3388,,,,,,,
537,,3398,596,2,20191024,3393,3398,3374,,,,,,,
538,,3398,12784,43,20191023,3411,3411,3379,,,,,,,
539,,3398,30369,103,20191022,3402,3416,3393,,,,,,,
540,,3379,4462,15,20191021,3411,3411,3374,,,,,,,
541,,3402,3383,12,20191018,3453,3458,3402,,,,,,,
542,,3453,575,2,20191017,3499,3499,3439,,,,,,,
543,,3495,4859,17,20191016,3490,3504,3476,,,,,,,
544,,3471,2155,7,20191015,3495,3495,3458,,,,,,,
545,,3485,6661,23,20191014,3467,3499,3467,,,,,,,
546,,3435,2056,7,20191011,3448,3448,3430,,,,,,,
547,,3411,396,1,20191010,3430,3430,3393,,,,,,,
548,,3439,7730,27,20191008,3439,3458,3425,,,,,,,
549,,3421,2983,10,20191007,3458,3458,3407,,,,,,,
550,,3435,6671,23,20191004,3462,3462,3435,,,,,,,
551,,3485,26078,91,20191002,3499,3499,3453,,,,,,,
552,,3545,28729,102,20191001,3527,3559,3527,,,,,,,
553,,3541,11922,42,20190930,3508,3541,3508,,,,,,,
554,,3490,464,2,20190927,3527,3527,3490,,,,,,,
555,,3522,5552,20,20190926,3545,3545,3518,,,,,,,
556,,3527,1114,4,20190925,3578,3578,3527,,,,,,,
557,,3587,9440,34,20190924,3592,3601,3569,,,,,,,
558,,3582,6845,25,20190923,3606,3606,3578,,,,,,,
559,,3624,37220,135,20190920,3606,3624,3582,,,,,,,
560,,3606,50436,183,20190919,3666,3684,3592,,,,,,,
561,,3670,7491,27,20190918,3670,3680,3638,,,,,,,
562,,3652,11048,40,20190917,3647,3684,3643,,,,,,,
563,,3670,10464,38,20190916,3569,3680,3569,,,,,,,
564,,3545,8089,29,20190911,3508,3545,3504,,,,,,,
565,,3495,601,2,20190910,3462,3504,3462,,,,,,,
566,,3444,6137,21,20190909,3453,3467,3430,,,,,,,
567,,3439,2378,8,20190906,3481,3481,3439,,,,,,,
568,,3462,27441,96,20190905,3448,3490,3439,,,,,,,
569,,3416,5835,20,20190904,3384,3416,3384,,,,,,,
570,,3393,15873,54,20190903,3439,3439,3384,,,,,,,
571,,3448,9114,31,20190902,3439,3462,3435,,,,,,,
572,,3458,7624,26,20190830,3384,3458,3384,,,,,,,
573,,3328,2830,9,20190829,3347,3347,3324,,,,,,,
574,,3347,6660,22,20190828,3347,3356,3328,,,,,,,
575,,3342,1041,4,20190827,3374,3379,3342,,,,,,,
576,,3351,4601,15,20190826,3356,3374,3337,,,,,,,
577,,3435,12726,43,20190823,3430,3435,3393,,,,,,,
578,,3458,842,3,20190822,3467,3467,3435,,,,,,,
579,,3458,1654,6,20190821,3439,3458,3421,,,,,,,
580,,3439,24707,85,20190820,3407,3444,3407,,,,,,,
581,,3411,123963,421,20190819,3347,3411,3347,,,,,,,
582,,3351,109008,365,20190816,3379,3379,3314,,,,,,,
583,,3407,3293,11,20190814,3448,3458,3407,,,,,,,
584,,3393,8344,28,20190813,3421,3421,3384,,,,,,,
585,,3439,45568,157,20190812,3458,3458,3439,,,,,,,
586,,3458,6900,24,20190809,3444,3485,3444,,,,,,,
587,,3398,16673,56,20190808,3388,3425,3374,,,,,,,
588,,3328,4774,16,20190807,3365,3365,3319,,,,,,,
589,,3365,17647,59,20190806,3287,3430,3250,,,,,,,
590,,3361,31297,106,20190805,3439,3439,3356,,,,,,,
591,,3467,6267,22,20190802,3536,3536,3467,,,,,,,
592,,3582,10167,36,20190801,3564,3610,3564,,,,,,,
593,,3606,16143,58,20190731,3624,3624,3550,,,,,,,
594,,3629,18499,67,20190730,3647,3652,3610,,,,,,,
595,,3647,25248,92,20190729,3749,3749,3624,,,,,,,
596,,3758,19888,75,20190726,3786,3786,3744,,,,,,,
597,,3781,40294,152,20190725,3818,3818,3753,,,,,,,
598,,3832,25249,98,20190724,3888,3901,3827,,,,,,,
599,,3888,21287,83,20190723,3855,3901,3855,,,,,,,
