,종목코드,현재가,거래량,거래대금,일자,시가,고가,저가,수정주가구분,수정비율,대업종구분,소업종구분,종목정보,수정주가이벤트,전일종가
0,225430,2130,89132,192,20220119,2165,2180,2125,,,,,,,
1,,2165,155309,340,20220118,2220,2250,2155,,,,,,,
2,,2220,99132,223,20220117,2295,2295,2220,,,,,,,
3,,2290,110401,254,20220114,2350,2350,2270,,,,,,,
4,,2370,131706,303,20220113,2320,2370,2250,,,,,,,
5,,2325,110008,252,20220112,2265,2325,2265,,,,,,,
6,,2265,184181,420,20220111,2320,2340,2260,,,,,,,
7,,2325,493760,1166,20220110,2370,2460,2315,,,,,,,
8,,2330,632597,1485,20220107,2440,2440,2310,,,,,,,
9,,2415,5329960,12965,20220106,2220,2575,2215,,,,,,,
10,,2220,103958,232,20220105,2260,2260,2220,,,,,,,
11,,2260,109045,245,20220104,2225,2280,2225,,,,,,,
12,,2225,116928,261,20220103,2210,2250,2205,,,,,,,
13,,2225,99820,223,20211230,2240,2255,2215,,,,,,,
14,,2235,148432,329,20211229,2200,2240,2170,4,0.00,,,,,
15,,2200,3556850,8424,20211228,2215,2550,2190,,,,,,,
16,,2230,121813,268,20211227,2160,2230,2160,,,,,,,
17,,2155,53849,117,20211224,2160,2180,2145,,,,,,,
18,,2150,42268,91,20211223,2145,2170,2125,,,,,,,
19,,2130,76631,163,20211222,2130,2145,2110,,,,,,,
20,,2120,66564,141,20211221,2140,2155,2105,,,,,,,
21,,2150,414724,918,20211220,2265,2330,2140,,,,,,,
22,,2225,142681,312,20211217,2135,2225,2115,,,,,,,
23,,2135,70564,151,20211216,2160,2165,2115,,,,,,,
24,,2160,46391,100,20211215,2145,2195,2140,,,,,,,
25,,2170,58422,126,20211214,2170,2190,2135,,,,,,,
26,,2170,83612,181,20211213,2200,2220,2145,,,,,,,
27,,2185,86553,188,20211210,2140,2215,2125,,,,,,,
28,,2130,42979,92,20211209,2120,2155,2110,,,,,,,
29,,2115,57467,123,20211208,2135,2170,2110,,,,,,,
30,,2125,65125,140,20211207,2145,2195,2125,,,,,,,
31,,2165,79753,170,20211206,2120,2170,2080,,,,,,,
32,,2130,106787,224,20211203,2090,2155,2045,,,,,,,
33,,2080,43989,90,20211202,2045,2085,2020,,,,,,,
34,,2055,118113,237,20211201,2015,2065,1970,,,,,,,
35,,2025,194815,400,20211130,2135,2160,1990,,,,,,,
36,,2135,169240,358,20211129,2080,2155,2030,,,,,,,
37,,2125,187186,399,20211126,2190,2195,2080,,,,,,,
38,,2190,108079,236,20211125,2240,2255,2150,,,,,,,
39,,2240,54106,122,20211124,2270,2285,2235,,,,,,,
40,,2260,94149,214,20211123,2290,2315,2255,,,,,,,
41,,2310,207751,471,20211122,2295,2330,2220,,,,,,,
42,,2305,124406,285,20211119,2305,2315,2270,,,,,,,
43,,2295,377763,903,20211118,2375,2470,2295,,,,,,,
44,,2380,307674,724,20211117,2265,2410,2260,,,,,,,
45,,2270,180960,416,20211116,2315,2350,2260,,,,,,,
46,,2350,159649,377,20211115,2400,2415,2345,,,,,,,
47,,2400,412909,983,20211112,2450,2450,2340,,,,,,,
48,,2450,2168565,5320,20211111,2230,2535,2230,,,,,,,
49,,2305,777307,1782,20211110,2185,2380,2170,,,,,,,
50,,2205,2616802,5922,20211109,2075,2435,2060,,,,,,,
51,,2080,79939,167,20211108,2095,2125,2060,,,,,,,
52,,2095,101027,213,20211105,2160,2160,2085,,,,,,,
53,,2160,64296,139,20211104,2185,2195,2145,,,,,,,
54,,2185,43022,95,20211103,2205,2265,2155,,,,,,,
55,,2215,55378,122,20211102,2150,2260,2145,,,,,,,
56,,2170,65573,142,20211101,2180,2190,2150,,,,,,,
57,,2170,67528,148,20211029,2220,2230,2155,,,,,,,
58,,2225,57113,128,20211028,2240,2280,2215,,,,,,,
59,,2265,39101,88,20211027,2265,2280,2240,,,,,,,
60,,2270,46206,104,20211026,2230,2275,2230,,,,,,,
61,,2230,34820,77,20211025,2215,2230,2200,,,,,,,
62,,2215,48483,109,20211022,2245,2265,2215,,,,,,,
63,,2245,59506,134,20211021,2235,2275,2235,,,,,,,
64,,2265,92952,210,20211020,2260,2290,2225,,,,,,,
65,,2260,61431,138,20211019,2200,2270,2200,,,,,,,
66,,2240,73071,164,20211018,2265,2275,2215,,,,,,,
67,,2270,77076,173,20211015,2240,2270,2220,,,,,,,
68,,2235,62391,139,20211014,2210,2250,2195,,,,,,,
69,,2195,88948,192,20211013,2100,2200,2100,,,,,,,
70,,2130,60751,130,20211012,2170,2180,2125,,,,,,,
71,,2200,74312,164,20211008,2220,2240,2190,,,,,,,
72,,2235,501891,1132,20211007,2075,2450,2075,,,,,,,
73,,2070,120797,254,20211006,2100,2150,2065,,,,,,,
74,,2100,228830,487,20211005,2205,2210,2100,,,,,,,
75,,2225,116401,263,20211001,2330,2330,2225,,,,,,,
76,,2340,125276,292,20210930,2300,2400,2280,,,,,,,
77,,2315,81994,187,20210929,2240,2320,2240,,,,,,,
78,,2320,178027,416,20210928,2390,2400,2310,,,,,,,
79,,2400,98196,237,20210927,2420,2445,2390,,,,,,,
80,,2430,81819,200,20210924,2430,2465,2425,,,,,,,
81,,2455,39336,97,20210923,2485,2495,2410,,,,,,,
82,,2490,61164,150,20210917,2440,2490,2430,,,,,,,
83,,2450,66502,162,20210916,2445,2455,2410,,,,,,,
84,,2440,72146,177,20210915,2455,2475,2430,,,,,,,
85,,2465,52705,130,20210914,2445,2475,2445,,,,,,,
86,,2460,91055,225,20210913,2500,2525,2450,,,,,,,
87,,2495,72954,182,20210910,2485,2535,2470,,,,,,,
88,,2495,112221,284,20210909,2565,2570,2495,,,,,,,
89,,2530,125521,319,20210908,2600,2600,2525,,,,,,,
90,,2585,300955,786,20210907,2655,2660,2560,,,,,,,
91,,2595,137865,355,20210906,2565,2595,2550,,,,,,,
92,,2565,55321,142,20210903,2575,2595,2540,,,,,,,
93,,2580,41464,107,20210902,2575,2600,2550,,,,,,,
94,,2575,50940,131,20210901,2570,2585,2545,,,,,,,
95,,2570,57190,146,20210831,2560,2585,2530,,,,,,,
96,,2560,58624,151,20210830,2575,2590,2555,,,,,,,
97,,2570,56350,144,20210827,2570,2585,2535,,,,,,,
98,,2580,63505,163,20210826,2615,2615,2545,,,,,,,
99,,2580,139583,359,20210825,2570,2610,2535,,,,,,,
100,,2535,122420,309,20210824,2475,2545,2475,,,,,,,
101,,2475,229767,565,20210823,2400,2485,2390,,,,,,,
102,,2400,382481,935,20210820,2500,2550,2370,,,,,,,
103,,2510,243968,622,20210819,2590,2625,2500,,,,,,,
104,,2615,172652,447,20210818,2590,2640,2525,,,,,,,
105,,2595,324993,851,20210817,2670,2690,2565,,,,,,,
106,,2700,421130,1137,20210813,2765,2775,2640,,,,,,,
107,,2765,129480,359,20210812,2765,2805,2760,,,,,,,
108,,2765,165994,461,20210811,2790,2810,2760,,,,,,,
109,,2790,209117,585,20210810,2835,2840,2780,,,,,,,
110,,2835,212690,605,20210809,2850,2880,2830,,,,,,,
111,,2850,83751,238,20210806,2855,2870,2830,,,,,,,
112,,2855,200824,569,20210805,2835,2870,2800,,,,,,,
113,,2830,115385,327,20210804,2790,2890,2790,,,,,,,
114,,2805,130222,365,20210803,2835,2835,2785,,,,,,,
115,,2815,149181,419,20210802,2790,2835,2780,,,,,,,
116,,2795,252509,711,20210730,2855,2860,2795,,,,,,,
117,,2855,195983,561,20210729,2870,2895,2850,,,,,,,
118,,2870,245920,713,20210728,2905,2950,2865,,,,,,,
119,,2925,218456,639,20210727,2890,2970,2885,,,,,,,
120,,2895,268447,786,20210726,2975,2995,2880,,,,,,,
121,,2985,308514,914,20210723,2925,2995,2905,,,,,,,
122,,2895,601090,1767,20210722,3015,3020,2890,,,,,,,
123,,3010,526707,1591,20210721,2975,3060,2970,,,,,,,
124,,2965,428385,1272,20210720,2965,3015,2935,,,,,,,
125,,3025,960969,2927,20210719,3090,3110,3010,,,,,,,
126,,3050,1279994,3873,20210716,2990,3070,2950,,,,,,,
127,,2955,4564834,13948,20210715,3030,3200,2950,,,,,,,
128,,2915,228625,663,20210714,2915,2920,2880,,,,,,,
129,,2910,104195,304,20210713,2915,2925,2890,,,,,,,
130,,2915,193060,554,20210712,2830,2925,2820,,,,,,,
131,,2835,381374,1075,20210709,2880,2885,2760,,,,,,,
132,,2905,311883,916,20210708,2995,3000,2890,,,,,,,
133,,2995,212779,631,20210707,2950,2995,2940,,,,,,,
134,,2955,167889,497,20210706,2950,2980,2945,,,,,,,
135,,2960,142656,420,20210705,2950,2970,2920,,,,,,,
136,,2940,191905,570,20210702,2970,2995,2935,,,,,,,
137,,2970,252210,745,20210701,2930,2970,2910,,,,,,,
138,,2930,149339,436,20210630,2910,2950,2900,,,,,,,
139,,2905,124567,366,20210629,2930,2965,2905,,,,,,,
140,,2930,156913,458,20210628,2905,2940,2900,,,,,,,
141,,2905,180847,528,20210625,2945,2970,2900,,,,,,,
142,,2945,272196,793,20210624,2945,2945,2890,,,,,,,
143,,2945,335869,997,20210623,3010,3025,2940,,,,,,,
144,,3000,279150,839,20210622,3025,3055,2980,,,,,,,
145,,3040,245547,736,20210621,3005,3040,2970,,,,,,,
146,,3015,297798,900,20210618,3050,3055,3000,,,,,,,
147,,3050,285423,867,20210617,3060,3065,3020,,,,,,,
148,,3070,383840,1168,20210616,3015,3075,2975,,,,,,,
149,,3015,210001,632,20210615,3000,3035,2980,,,,,,,
150,,3005,230474,693,20210614,3035,3040,2985,,,,,,,
151,,3035,268884,816,20210611,3080,3080,3010,,,,,,,
152,,3050,714472,2184,20210610,2995,3090,2985,,,,,,,
153,,3010,291211,874,20210609,2980,3025,2980,,,,,,,
154,,3000,614716,1861,20210608,3020,3065,2950,,,,,,,
155,,3015,652359,1967,20210607,3055,3055,2975,,,,,,,
156,,3035,846940,2547,20210604,2950,3040,2930,,,,,,,
157,,2950,290167,857,20210603,2955,2985,2925,,,,,,,
158,,2955,255924,752,20210602,2935,2970,2915,,,,,,,
159,,2940,1034131,3070,20210601,3010,3055,2900,,,,,,,
160,,2950,502241,1486,20210531,2935,3005,2925,,,,,,,
161,,2940,613019,1798,20210528,2880,2970,2830,,,,,,,
162,,2865,206663,592,20210527,2885,2900,2840,,,,,,,
163,,2860,284385,822,20210526,2890,2925,2850,,,,,,,
164,,2835,182253,518,20210525,2790,2885,2790,,,,,,,
165,,2785,405748,1167,20210524,2875,2925,2785,,,,,,,
166,,2860,271334,781,20210521,2895,2920,2835,,,,,,,
167,,2905,529208,1535,20210520,2870,2950,2855,,,,,,,
168,,2865,3423145,10107,20210518,2755,3160,2755,,,,,,,
169,,2765,147428,411,20210517,2840,2840,2760,,,,,,,
170,,2790,112590,313,20210514,2780,2805,2770,,,,,,,
171,,2765,177374,495,20210513,2785,2825,2765,,,,,,,
172,,2830,237535,675,20210512,2840,2890,2805,,,,,,,
173,,2840,289695,825,20210511,2895,2895,2815,,,,,,,
174,,2895,192651,555,20210510,2855,2900,2855,,,,,,,
175,,2850,186962,532,20210507,2860,2870,2830,,,,,,,
176,,2850,125786,356,20210506,2800,2865,2795,,,,,,,
177,,2800,267909,744,20210504,2825,2845,2760,,,,,,,
178,,2825,240651,689,20210503,2850,2910,2810,,,,,,,
179,,2855,228237,653,20210430,2860,2910,2825,,,,,,,
180,,2845,447108,1286,20210429,2885,2925,2810,,,,,,,
181,,2890,564084,1650,20210428,2990,2990,2885,,,,,,,
182,,2970,755569,2218,20210427,2940,2970,2905,,,,,,,
183,,2975,5341813,15850,20210426,2800,3035,2770,,,,,,,
184,,2770,283597,788,20210423,2765,2815,2735,,,,,,,
185,,2775,216721,605,20210422,2800,2820,2770,,,,,,,
186,,2800,305222,856,20210421,2835,2860,2785,,,,,,,
187,,2855,279739,791,20210420,2810,2860,2785,,,,,,,
188,,2820,379833,1080,20210419,2900,2905,2810,,,,,,,
189,,2895,708987,2055,20210416,2865,2945,2835,,,,,,,
190,,2865,462657,1324,20210415,2900,2920,2825,,,,,,,
191,,2890,1454759,4171,20210414,2830,3000,2660,,,,,,,
192,,2830,1201969,3402,20210413,2780,2885,2740,,,,,,,
193,,2770,1176992,3246,20210412,2725,2795,2680,,,,,,,
194,,2670,179217,477,20210409,2660,2680,2650,,,,,,,
195,,2660,108601,288,20210408,2665,2670,2625,,,,,,,
196,,2660,179644,476,20210407,2635,2680,2610,,,,,,,
197,,2630,193169,510,20210406,2670,2670,2620,,,,,,,
198,,2645,251285,661,20210405,2590,2670,2585,,,,,,,
199,,2590,119897,312,20210402,2610,2635,2590,,,,,,,
200,,2610,130868,339,20210401,2600,2615,2565,,,,,,,
201,,2595,116885,304,20210331,2635,2635,2590,,,,,,,
202,,2615,133168,348,20210330,2610,2625,2590,,,,,,,
203,,2600,125757,328,20210329,2590,2630,2585,,,,,,,
204,,2580,93969,243,20210326,2600,2610,2560,,,,,,,
205,,2590,110713,288,20210325,2605,2635,2580,,,,,,,
206,,2605,162753,425,20210324,2620,2665,2590,,,,,,,
207,,2620,128855,340,20210323,2635,2660,2620,,,,,,,
208,,2635,131974,351,20210322,2700,2705,2635,,,,,,,
209,,2695,138337,370,20210319,2645,2700,2645,,,,,,,
210,,2690,203149,545,20210318,2665,2705,2650,,,,,,,
211,,2660,86901,230,20210317,2660,2665,2625,,,,,,,
212,,2655,149948,398,20210316,2650,2685,2635,,,,,,,
213,,2650,158277,413,20210315,2585,2660,2575,,,,,,,
214,,2600,142167,366,20210312,2580,2610,2540,,,,,,,
215,,2540,91013,231,20210311,2530,2555,2515,,,,,,,
216,,2520,108378,275,20210310,2540,2570,2515,,,,,,,
217,,2520,186036,467,20210309,2535,2580,2485,,,,,,,
218,,2560,91743,236,20210308,2550,2590,2550,,,,,,,
219,,2540,89431,228,20210305,2585,2590,2530,,,,,,,
220,,2580,95335,246,20210304,2605,2620,2560,,,,,,,
221,,2605,112690,289,20210303,2490,2615,2490,,,,,,,
222,,2540,148472,378,20210302,2530,2570,2525,,,,,,,
223,,2515,279556,706,20210226,2570,2570,2500,,,,,,,
224,,2600,148182,387,20210225,2590,2635,2590,,,,,,,
225,,2575,318088,835,20210224,2655,2675,2575,,,,,,,
226,,2665,174963,468,20210223,2685,2695,2655,,,,,,,
227,,2690,235414,637,20210222,2690,2740,2690,,,,,,,
228,,2695,398866,1080,20210219,2735,2760,2675,,,,,,,
229,,2745,363588,999,20210218,2765,2775,2735,,,,,,,
230,,2765,493131,1360,20210217,2770,2790,2725,,,,,,,
231,,2760,534997,1471,20210216,2740,2775,2730,,,,,,,
232,,2740,1656461,4576,20210215,2745,2795,2730,,,,,,,
233,,2730,2251040,6152,20210210,2775,2790,2705,,,,,,,
234,,2775,28070288,85655,20210209,2690,3225,2685,,,,,,,
235,,2695,123460,334,20210208,2730,2735,2685,,,,,,,
236,,2715,98624,268,20210205,2715,2750,2680,,,,,,,
237,,2710,171334,462,20210204,2730,2745,2675,,,,,,,
238,,2745,99090,272,20210203,2725,2780,2720,,,,,,,
239,,2725,133629,364,20210202,2705,2760,2695,,,,,,,
240,,2720,301145,815,20210201,2660,2810,2605,,,,,,,
241,,2690,475058,1295,20210129,2810,2830,2640,,,,,,,
242,,2800,406267,1142,20210128,2840,2860,2790,,,,,,,
243,,2870,2011846,6039,20210127,2935,3170,2860,,,,,,,
244,,2935,267254,784,20210126,2960,2980,2910,,,,,,,
245,,2950,301935,885,20210125,2875,2965,2875,,,,,,,
246,,2885,482832,1411,20210122,2865,2970,2865,,,,,,,
247,,2880,166231,477,20210121,2885,2890,2850,,,,,,,
248,,2855,208136,590,20210120,2810,2860,2810,,,,,,,
249,,2815,230824,645,20210119,2795,2825,2765,,,,,,,
250,,2795,528702,1480,20210118,2885,2885,2760,,,,,,,
251,,2890,249792,729,20210115,2965,2970,2890,,,,,,,
252,,2950,193315,569,20210114,2925,2965,2920,,,,,,,
253,,2945,432494,1259,20210113,2930,2960,2855,,,,,,,
254,,2870,346599,1002,20210112,2900,2945,2850,,,,,,,
255,,2915,720286,2122,20210111,3025,3040,2870,,,,,,,
256,,3025,1776177,5477,20210108,3015,3200,2990,,,,,,,
257,,3010,708019,2114,20210107,2950,3025,2940,,,,,,,
258,,2950,469433,1388,20210106,2960,2990,2925,,,,,,,
259,,2960,602258,1776,20210105,2980,2995,2905,,,,,,,
260,,2940,349933,1024,20210104,2915,2955,2900,,,,,,,
261,,2915,383548,1114,20201230,2850,2935,2845,,,,,,,
262,,2875,738130,2127,20201229,2950,2985,2825,4,0.00,,,,,
263,,2820,425246,1190,20201228,2830,2840,2765,,,,,,,
264,,2820,428672,1211,20201224,2800,2865,2790,,,,,,,
265,,2815,1031910,2959,20201223,2905,2950,2800,1,0.00,,,,,
266,,2880,2186378,6389,20201222,2880,3010,2815,,,,,,,
267,,2860,2519339,7191,20201221,2790,2910,2790,,,,,,,
268,,3075,213297,657,20201218,3120,3120,3060,,,,,,,
269,,3115,143966,449,20201217,3150,3185,3075,,,,,,,
270,,3150,289468,923,20201216,3155,3250,3150,,,,,,,
271,,3165,170072,533,20201215,3120,3180,3095,,,,,,,
272,,3120,275137,865,20201214,3200,3215,3110,,,,,,,
273,,3190,258106,812,20201211,3110,3190,3090,,,,,,,
274,,3105,152524,473,20201210,3055,3125,3055,,,,,,,
275,,3080,366610,1143,20201209,3025,3190,3005,,,,,,,
276,,3025,553897,1721,20201208,3200,3210,3025,,,,,,,
277,,3200,499094,1606,20201207,3300,3305,3170,,,,,,,
278,,3275,347416,1130,20201204,3270,3295,3205,,,,,,,
279,,3250,394296,1289,20201203,3295,3325,3235,,,,,,,
280,,3310,420379,1381,20201202,3320,3325,3250,,,,,,,
281,,3290,670852,2208,20201201,3290,3375,3235,,,,,,,
282,,3325,708127,2376,20201130,3430,3455,3320,,,,,,,
283,,3435,1130295,3867,20201127,3500,3510,3370,,,,,,,
284,,3515,10268373,36701,20201126,3280,3745,3270,,,,,,,
285,,3325,886520,2896,20201125,3230,3330,3170,,,,,,,
286,,3230,695068,2268,20201124,3320,3350,3230,,,,,,,
287,,3335,1116908,3731,20201123,3415,3455,3235,,,,,,,
288,,3420,2958729,10319,20201120,3485,3615,3380,,,,,,,
289,,3540,5017917,16865,20201119,3365,3540,3250,,,,,,,
290,,3430,21108042,71974,20201118,2900,3650,2885,,,,,,,
291,,2900,142926,414,20201117,2900,2930,2875,,,,,,,
292,,2930,158029,457,20201116,2870,2930,2865,,,,,,,
293,,2870,175793,504,20201113,2915,2925,2845,,,,,,,
294,,2915,112833,330,20201112,2890,2955,2890,,,,,,,
295,,2885,195877,566,20201111,2900,2920,2870,,,,,,,
296,,2910,113554,332,20201110,2940,2945,2895,,,,,,,
297,,2965,152347,449,20201109,2950,2975,2910,,,,,,,
298,,2920,110477,323,20201106,2955,2970,2895,,,,,,,
299,,2955,143479,419,20201105,2915,2960,2885,,,,,,,
300,,2890,260808,758,20201104,2910,2930,2880,,,,,,,
301,,2915,141410,411,20201103,2875,2940,2875,,,,,,,
302,,2875,104791,302,20201102,2875,2915,2860,,,,,,,
303,,2910,172623,510,20201030,3040,3040,2910,,,,,,,
304,,3000,225213,674,20201029,2905,3075,2855,,,,,,,
305,,2990,434773,1328,20201028,3145,3145,2970,,,,,,,
306,,2945,252539,725,20201027,2760,2945,2760,,,,,,,
307,,2845,288467,831,20201026,2980,2985,2835,,,,,,,
308,,2980,137813,412,20201023,3020,3050,2955,,,,,,,
309,,2980,219107,660,20201022,2995,3085,2980,,,,,,,
310,,3025,155472,469,20201021,3000,3040,2990,,,,,,,
311,,3020,897015,2717,20201020,3000,3250,2895,,,,,,,
312,,3010,223528,679,20201019,3065,3105,2995,,,,,,,
313,,3065,368206,1134,20201016,3120,3180,3015,256,-4.76,,,,,
314,,3100,838067,2621,20201015,3224,3271,3010,,,,,,,
315,,3219,1731329,5649,20201014,3162,3395,3152,,,,,,,
316,,3162,359801,1137,20201013,3148,3195,3114,,,,,,,
317,,3148,398145,1247,20201012,3224,3224,3105,,,,,,,
318,,3205,2525567,8395,20201008,3414,3462,3195,,,,,,,
319,,3191,745907,2434,20201007,3133,3219,3129,,,,,,,
320,,3143,866915,2760,20201006,3086,3286,3062,,,,,,,
321,,3086,276536,856,20201005,3114,3148,3071,,,,,,,
322,,3071,1706870,5446,20200929,3324,3324,3071,,,,,,,
323,,3067,444601,1349,20200928,2943,3081,2933,,,,,,,
324,,2943,687744,2022,20200925,2857,3010,2814,,,,,,,
325,,2824,642963,1842,20200924,2895,2962,2786,,,,,,,
326,,2986,495526,1483,20200923,2986,3062,2905,,,,,,,
327,,2976,768391,2308,20200922,3057,3124,2933,,,,,,,
328,,3124,1113588,3507,20200921,3305,3310,3019,,,,,,,
329,,3305,552758,1825,20200918,3343,3381,3248,,,,,,,
330,,3343,684564,2304,20200917,3457,3457,3333,,,,,,,
331,,3438,572291,1975,20200916,3491,3491,3429,,,,,,,
332,,3457,683340,2375,20200915,3505,3529,3448,,,,,,,
333,,3510,932490,3233,20200914,3514,3524,3405,,,,,,,
334,,3514,4011129,14048,20200911,3533,3591,3376,,,,,,,
335,,3852,997886,3636,20200910,3886,3938,3848,,,,,,,
336,,3876,626018,2433,20200909,3895,3952,3810,,,,,,,
337,,3905,1055329,4223,20200908,4024,4110,3852,,,,,,,
338,,4019,857808,3433,20200907,4076,4095,3910,,,,,,,
339,,4072,983027,3980,20200904,3986,4124,3957,,,,,,,
340,,4195,1265784,5323,20200903,4172,4267,4148,,,,,,,
341,,4119,1105754,4580,20200902,4219,4238,4081,,,,,,,
342,,4262,1613227,6853,20200901,4186,4362,4119,,,,,,,
343,,4219,3357337,14612,20200831,4576,4581,4191,,,,,,,
344,,4667,4327031,19671,20200828,4367,4667,4310,,,,,,,
345,,4433,5664661,26157,20200827,4676,4810,4295,,,,,,,
346,,4567,9272026,43160,20200826,4705,4848,4462,,,,,,,
347,,4533,20671314,97089,20200825,4533,4952,4424,,,,,,,
348,,4476,48255161,221327,20200824,4243,5000,4124,,,,,,,
349,,4072,51729584,235842,20200821,4619,4952,3952,,,,,,,
350,,4481,30753341,126037,20200820,3486,4481,3243,,,,,,,
351,,3448,903111,3067,20200819,3262,3491,3248,,,,,,,
352,,3262,1039080,3520,20200818,3429,3481,3181,,,,,,,
353,,3333,489929,1659,20200814,3481,3495,3333,,,,,,,
354,,3448,438494,1510,20200813,3405,3481,3405,,,,,,,
355,,3386,878864,3004,20200812,3538,3552,3267,,,,,,,
356,,3552,1047508,3705,20200811,3438,3657,3433,,,,,,,
357,,3433,644909,2221,20200810,3452,3495,3424,,,,,,,
358,,3467,961163,3371,20200807,3548,3595,3452,,,,,,,
359,,3533,7106989,27096,20200806,4172,4200,3533,,,,,,,
360,,3814,5260035,20060,20200805,3619,3976,3595,,,,,,,
361,,3605,1937839,6978,20200804,3562,3681,3538,,,,,,,
362,,3548,2375471,8454,20200803,3514,3629,3429,,,,,,,
363,,3514,17608046,63551,20200731,3267,3857,3267,,,,,,,
364,,3248,475160,1551,20200730,3305,3305,3229,,,,,,,
365,,3257,627014,2025,20200729,3238,3271,3191,,,,,,,
366,,3219,1291377,4258,20200728,3362,3395,3181,,,,,,,
367,,3314,1958391,6670,20200727,3552,3562,3295,,,,,,,
368,,3605,13195530,51677,20200724,3791,4248,3591,,,,,,,
369,,3895,10536750,38596,20200723,3543,3895,3381,,,,,,,
370,,3491,1321507,4471,20200722,3362,3491,3267,,,,,,,
371,,3357,1290960,4300,20200721,3248,3386,3219,,,,,,,
372,,3205,407303,1309,20200720,3286,3286,3171,,,,,,,
373,,3286,367929,1206,20200717,3314,3352,3243,,,,,,,
374,,3329,570009,1891,20200716,3271,3357,3262,,,,,,,
375,,3295,769247,2557,20200715,3405,3405,3238,,,,,,,
376,,3319,1160865,3872,20200714,3243,3391,3238,,,,,,,
377,,3295,1467203,4898,20200713,3357,3405,3276,,,,,,,
378,,3324,2903159,9534,20200710,3205,3381,3148,,,,,,,
379,,3124,317460,990,20200709,3110,3171,3091,,,,,,,
380,,3143,280639,874,20200708,3148,3152,3081,,,,,,,
381,,3138,345539,1094,20200707,3157,3248,3138,,,,,,,
382,,3186,1105185,3580,20200706,3191,3310,3133,,,,,,,
383,,3191,509133,1609,20200703,3091,3219,3081,,,,,,,
384,,3114,300831,928,20200702,3038,3119,3038,,,,,,,
385,,3038,190770,583,20200701,3071,3081,3038,,,,,,,
386,,3062,215790,658,20200630,3033,3095,3014,,,,,,,
387,,3019,332794,1014,20200629,3138,3148,3000,,,,,,,
388,,3152,409045,1281,20200626,3167,3176,3091,,,,,,,
389,,3181,423894,1302,20200625,3038,3181,3005,,,,,,,
390,,3081,281275,860,20200624,3019,3086,3019,,,,,,,
391,,3038,471070,1428,20200623,3057,3095,2967,,,,,,,
392,,3057,459063,1416,20200622,3114,3162,3014,,,,,,,
393,,3091,498520,1540,20200619,3133,3167,3038,,,,,,,
394,,3143,752348,2393,20200618,3305,3319,3114,,,,,,,
395,,3276,913705,2941,20200617,3186,3305,3095,,,,,,,
396,,3200,700375,2198,20200616,3124,3229,3057,,,,,,,
397,,3000,2019987,6539,20200615,3243,3429,2957,,,,,,,
398,,3195,1233949,3955,20200612,3133,3267,3105,,,,,,,
399,,3305,1624493,5547,20200611,3419,3505,3276,,,,,,,
400,,3400,10611152,37640,20200610,3381,3710,3338,,,,,,,
401,,3343,1079207,3595,20200609,3376,3391,3281,,,,,,,
402,,3391,2235479,7474,20200608,3257,3395,3257,,,,,,,
403,,3257,715772,2329,20200605,3300,3300,3219,,,,,,,
404,,3300,942439,3080,20200604,3295,3329,3195,,,,,,,
405,,3305,1128933,3666,20200603,3295,3333,3181,,,,,,,
406,,3295,2993040,9956,20200602,3419,3448,3262,,,,,,,
407,,3224,1686970,5578,20200601,3257,3271,3157,,,,,,,
408,,3229,2932671,9611,20200529,3333,3405,3148,,,,,,,
409,,3310,16240585,54189,20200528,3095,3600,3095,,,,,,,
410,,3062,364024,1115,20200527,3095,3095,3043,,,,,,,
411,,3067,435529,1326,20200526,3019,3076,3014,,,,,,,
412,,3019,312969,942,20200525,2991,3038,2967,,,,,,,
413,,2981,560782,1684,20200522,3052,3086,2952,,,,,,,
414,,3071,372760,1141,20200521,3076,3100,3043,,,,,,,
415,,3076,356516,1099,20200520,3052,3119,3048,,,,,,,
416,,3048,639679,1921,20200519,3005,3057,2967,,,,,,,
417,,3057,765803,2355,20200518,3176,3176,3029,,,,,,,
418,,3191,936142,3028,20200515,3324,3338,3191,,,,,,,
419,,3305,1893973,6231,20200514,3243,3376,3205,,,,,,,
420,,3281,3807807,12457,20200513,3257,3329,3191,,,,,,,
421,,3152,963104,2985,20200512,3086,3152,2991,,,,,,,
422,,3086,783316,2420,20200511,3171,3186,3014,,,,,,,
423,,3100,506312,1563,20200508,3033,3110,3033,,,,,,,
424,,3038,536994,1639,20200507,3033,3138,3005,,,,,,,
425,,3033,377053,1140,20200506,3081,3081,2995,,,,,,,
426,,3029,485212,1475,20200504,3014,3105,2943,,,,,,,
427,,3067,1343069,4161,20200429,3100,3186,3005,,,,,,,
428,,3114,3749119,12244,20200428,3367,3514,3105,,,,,,,
429,,3295,1885623,6128,20200427,3138,3305,3138,,,,,,,
430,,3124,2885051,9261,20200424,3119,3357,3000,,,,,,,
431,,3157,847244,2665,20200423,3052,3186,3052,,,,,,,
432,,3110,882753,2698,20200422,2933,3133,2933,,,,,,,
433,,3019,1509998,4616,20200421,3124,3195,2786,,,,,,,
434,,3181,1121283,3578,20200420,3195,3243,3138,,,,,,,
435,,3243,1431311,4544,20200417,3171,3248,3095,,,,,,,
436,,3191,1738013,5424,20200416,3157,3205,3000,,,,,,,
437,,3167,11866698,40246,20200414,3238,3614,3105,,,,,,,
438,,3062,2421683,7816,20200413,3281,3429,3029,,,,,,,
439,,3286,3481442,11537,20200410,3495,3500,3029,,,,,,,
440,,3552,6872953,25134,20200409,3624,3838,3538,,,,,,,
441,,3557,19516811,72243,20200408,3319,4038,3210,,,,,,,
442,,3357,6165191,20199,20200407,3429,3429,3167,,,,,,,
443,,3433,24537425,87606,20200406,3338,3838,3181,,,,,,,
444,,2986,3990172,11406,20200403,2786,2986,2629,,,,,,,
445,,2300,1552433,3573,20200402,2319,2343,2210,,,,,,,
446,,2224,1526210,3513,20200401,2362,2386,2205,,,,,,,
447,,2319,1972797,4572,20200331,2371,2386,2229,,,,,,,
448,,2314,2683073,6101,20200330,2205,2357,2162,,,,,,,
449,,2186,8398850,18950,20200327,2143,2476,1976,,,,,,,
450,,2010,1864686,3843,20200326,2033,2133,1976,,,,,,,
451,,1986,1605993,3171,20200325,1981,2048,1895,,,,,,,
452,,1910,890566,1673,20200324,1829,1933,1829,,,,,,,
453,,1819,1199272,2169,20200323,1714,1981,1714,,,,,,,
454,,1814,954536,1712,20200320,1710,1848,1710,,,,,,,
455,,1710,1582998,2967,20200319,2029,2086,1676,,,,,,,
456,,2010,2101644,4529,20200318,2133,2252,1948,,,,,,,
457,,2129,8732521,20224,20200317,1819,2562,1819,,,,,,,
458,,2005,1129994,2401,20200316,2071,2205,2000,,,,,,,
459,,2071,1400049,2863,20200313,2191,2219,1857,,,,,,,
460,,2376,1395673,3360,20200312,2462,2552,2238,,,,,,,
461,,2476,1146602,2926,20200311,2543,2652,2410,,,,,,,
462,,2533,1393675,3675,20200310,2667,2829,2529,,,,,,,
463,,2733,2416849,7020,20200309,2943,3024,2714,,,,,,,
464,,2971,5584150,16669,20200306,2919,3095,2838,,,,,,,
465,,2891,1239257,3580,20200305,2914,2957,2838,,,,,,,
466,,2900,1119222,3212,20200304,2895,2919,2838,,,,,,,
467,,2881,2398348,6849,20200303,2805,2962,2733,,,,,,,
468,,2791,1465524,4132,20200302,2824,2900,2757,,,,,,,
469,,2762,3189677,9093,20200228,2757,2981,2738,,,,,,,
470,,2757,1467921,4198,20200227,2881,2943,2714,,,,,,,
471,,2857,1710840,4983,20200226,2905,2995,2843,,,,,,,
472,,2914,2559940,7560,20200225,2905,3176,2838,,,,,,,
473,,2967,4745322,16291,20200224,3638,3719,2952,,,,,,,
474,,3591,8513133,30065,20200221,3776,3776,3238,,,,,,,
475,,3429,22551613,83899,20200220,3619,4091,3286,,,,,,,
476,,3514,23800135,80984,20200219,2952,3667,2943,,,,,,,
477,,3000,6594972,19738,20200218,2881,3119,2838,,,,,,,
478,,2886,1110304,3222,20200217,2929,2952,2862,,,,,,,
479,,2881,1508407,4401,20200214,2914,2991,2857,,,,,,,
480,,2914,4603268,13615,20200213,2938,3057,2833,,,,,,,
481,,2895,1724226,4982,20200212,2962,2976,2843,,,,,,,
482,,2986,2248055,6729,20200211,3138,3148,2948,,,,,,,
483,,3124,2426864,7705,20200210,3252,3271,3105,,,,,,,
484,,3286,24080861,82486,20200207,3095,3724,3057,,,,,,,
485,,3086,2869583,8802,20200206,3143,3157,2986,,,,,,,
486,,3100,7503511,23865,20200205,3071,3352,3048,,,,,,,
487,,3110,10395109,31180,20200204,3214,3248,2848,,,,,,,
488,,3224,10851508,40556,20200203,4457,4457,3224,,,,,,,
489,,4605,12088047,60687,20200131,5210,5381,4605,,,,,,,
490,,5095,7921364,40613,20200130,5333,5391,4791,,,,,,,
491,,5143,17858721,90318,20200129,4876,5600,4557,,,,,,,
492,,5238,12002021,60459,20200128,4857,5238,4648,,,,,,,
493,,4033,25037214,102599,20200123,4019,4381,3843,,,,,,,
494,,3976,26774885,109393,20200122,4362,4391,3781,,,,,,,
495,,3743,28506923,100578,20200121,3048,3743,3000,,,,,,,
496,,2881,10844538,31284,20200120,2891,2971,2762,,,,,,,
497,,2724,879476,2393,20200117,2743,2743,2676,,,,,,,
498,,2714,1213614,3276,20200116,2671,2795,2633,,,,,,,
499,,2648,290472,770,20200115,2662,2676,2633,,,,,,,
500,,2652,427774,1135,20200114,2681,2695,2629,,,,,,,
501,,2686,635223,1701,20200113,2619,2719,2605,,,,,,,
502,,2633,392098,1034,20200110,2719,2719,2591,,,,,,,
503,,2643,740619,1968,20200109,2633,2695,2600,,,,,,,
504,,2524,1351402,3524,20200108,2762,2762,2491,,,,,,,
505,,2771,1583539,4431,20200107,2819,2881,2757,,,,,,,
506,,2781,1950123,5398,20200106,2771,2829,2714,,,,,,,
507,,2719,1367214,3777,20200103,2762,2805,2705,,,,,,,
508,,2748,1103045,2984,20200102,2657,2748,2638,,,,,,,
509,,2652,602731,1602,20191230,2676,2700,2581,,,,,,,
510,,2657,716420,1908,20191227,2629,2705,2624,4,0.00,,,,,
511,,2629,1890833,5070,20191226,2581,2757,2571,,,,,,,
512,,2571,1232995,3256,20191224,2752,2757,2571,,,,,,,
513,,2752,4397364,12271,20191223,2686,2891,2629,,,,,,,
514,,2705,7379601,21160,20191220,2857,2981,2695,,,,,,,
515,,2743,1861380,5108,20191219,2757,2781,2662,,,,,,,
516,,2791,2047779,5639,20191218,2795,2824,2686,,,,,,,
517,,2838,3524104,10102,20191217,2905,2962,2810,,,,,,,
518,,2933,26614604,78584,20191216,2648,3157,2648,,,,,,,
519,,2629,13178921,36859,20191213,2610,2986,2595,,,,,,,
520,,2576,5955548,15079,20191212,2495,2638,2438,,,,,,,
521,,2438,2441453,5948,20191211,2500,2505,2405,,,,,,,
522,,2495,35058638,100966,20191210,2681,3157,2495,,,,,,,
523,,2567,1445589,3706,20191209,2500,2567,2443,,,,,,,
524,,2486,839131,2136,20191206,2548,2610,2486,,,,,,,
525,,2519,2239157,5791,20191205,2676,2710,2438,,,,,,,
526,,2710,1809942,4789,20191204,2591,2710,2562,,,,,,,
527,,2614,1420538,3700,20191203,2662,2676,2533,,,,,,,
528,,2710,2506834,6669,20191202,2657,2738,2586,,,,,,,
529,,2695,3627926,9952,20191129,2867,2895,2633,,,,,,,
530,,2900,7235072,21049,20191128,2962,3052,2795,,,,,,,
531,,2943,39052592,122548,20191127,2857,3410,2843,,,,,,,
532,,2724,18706764,49341,20191126,2219,2724,2129,,,,,,,
533,,2095,164927,348,20191125,2129,2176,2081,,,,,,,
534,,2048,188803,386,20191122,2029,2129,2010,,,,,,,
535,,2043,294752,611,20191121,2143,2148,2010,,,,,,,
536,,2133,374195,802,20191120,2229,2238,2091,,,,,,,
537,,2219,141169,314,20191119,2238,2257,2210,,,,,,,
538,,2262,92984,209,20191118,2271,2271,2238,,,,,,,
539,,2267,173923,393,20191115,2291,2343,2238,,,,,,,
540,,2295,194323,444,20191114,2300,2333,2243,,,,,,,
541,,2286,136296,309,20191113,2248,2305,2248,,,,,,,
542,,2267,256716,587,20191112,2333,2338,2262,,,,,,,
543,,2324,267781,620,20191111,2391,2391,2267,,,,,,,
544,,2381,310265,739,20191108,2367,2414,2352,,,,,,,
545,,2357,315243,744,20191107,2391,2400,2329,,,,,,,
546,,2386,389252,925,20191106,2405,2443,2329,,,,,,,
547,,2395,612855,1457,20191105,2348,2429,2314,,,,,,,
548,,2343,568001,1331,20191104,2386,2395,2305,,,,,,,
549,,2386,1874731,4496,20191101,2276,2495,2252,,,,,,,
550,,2267,521452,1196,20191031,2252,2343,2243,,,,,,,
551,,2262,905460,2062,20191030,2338,2343,2238,,,,,,,
552,,2348,2035446,4974,20191029,2610,2619,2348,,,,,,,
553,,2486,13046848,35628,20191028,2543,2924,2433,,,,,,,
554,,2333,693890,1698,20191025,2262,2333,2243,,,,,,,
555,,2291,206756,467,20191024,2291,2295,2224,,,,,,,
556,,2286,261398,592,20191023,2257,2300,2224,,,,,,,
557,,2229,770745,1756,20191022,2210,2348,2200,,,,,,,
558,,2186,82964,181,20191021,2195,2214,2152,,,,,,,
559,,2186,76476,167,20191018,2200,2233,2162,,,,,,,
560,,2186,199537,447,20191017,2243,2281,2186,,,,,,,
561,,2229,255485,574,20191016,2224,2300,2191,,,,,,,
562,,2210,198796,435,20191015,2186,2238,2138,,,,,,,
563,,2171,239131,524,20191014,2171,2233,2157,,,,,,,
564,,2148,291240,632,20191011,2095,2229,2086,,,,,,,
565,,2086,148701,310,20191010,2114,2114,2067,,,,,,,
566,,2124,150930,320,20191008,2143,2157,2105,,,,,,,
567,,2143,154936,329,20191007,2114,2162,2081,,,,,,,
568,,2114,277641,601,20191004,2219,2257,2105,,,,,,,
569,,2248,231731,526,20191002,2305,2352,2243,,,,,,,
570,,2338,484839,1114,20191001,2233,2352,2219,,,,,,,
571,,2238,281731,636,20190930,2295,2324,2219,,,,,,,
572,,2314,1115702,2601,20190927,2248,2419,2214,,,,,,,
573,,2243,188725,425,20190926,2248,2281,2214,,,,,,,
574,,2238,344731,779,20190925,2305,2333,2200,,,,,,,
575,,2319,340866,800,20190924,2357,2391,2305,,,,,,,
576,,2357,501317,1197,20190923,2410,2433,2357,,,,,,,
577,,2471,1005168,2438,20190920,2410,2476,2367,,,,,,,
578,,2433,1497238,3622,20190919,2424,2524,2352,,,,,,,
579,,2457,10934573,27764,20190918,2224,2676,2210,,,,,,,
580,,2191,168913,368,20190917,2152,2214,2105,,,,,,,
581,,2162,103948,223,20190916,2114,2162,2114,,,,,,,
582,,2133,163130,344,20190911,2091,2138,2000,,,,,,,
583,,2071,62326,129,20190910,2067,2105,2048,,,,,,,
584,,2067,50920,106,20190909,2119,2119,2057,,,,,,,
585,,2095,146491,308,20190906,2124,2162,2048,,,,,,,
586,,2124,152477,324,20190905,2148,2157,2105,,,,,,,
587,,2138,166798,356,20190904,2114,2162,2105,,,,,,,
588,,2148,969803,2098,20190903,2071,2343,2048,,,,,,,
589,,2071,81852,169,20190902,2052,2081,2038,,,,,,,
590,,2052,254957,523,20190830,1981,2105,1981,,,,,,,
591,,1976,106666,210,20190829,2019,2048,1933,,,,,,,
592,,2014,119719,236,20190828,1971,2029,1938,,,,,,,
593,,1948,102906,200,20190827,1914,2010,1900,,,,,,,
594,,1886,235190,453,20190826,1986,1986,1881,,,,,,,
595,,2019,113735,231,20190823,2076,2076,2010,,,,,,,
596,,2067,113738,235,20190822,2095,2105,2048,,,,,,,
597,,2081,177783,366,20190821,2024,2091,1986,,,,,,,
598,,2033,171637,344,20190820,1933,2048,1933,,,,,,,
599,,1929,99584,193,20190819,1914,1962,1914,,,,,,,
